filename	Score	nwords	av_freq	mattr	pos_prop	neg_prop
file00913.txt	3	540	6.463006659	0.597800407	0.02962963	0.007407407
file00907.txt	5	1150	6.901560673	0.703832879	0.042608696	0.010434783
file00091.txt	4	512	6.393751295	0.61637149	0.037109375	0.00390625
file00085.txt	4	691	6.962730045	0.615482866	0.053545586	0.001447178
file00708.txt	5	993	7.028782962	0.672224576	0.034239678	0.012084592
file00052.txt	6	897	7.025707398	0.681863208	0.028985507	0.011148272
file00734.txt	3	440	6.716539275	0.683580563	0.047727273	0.002272727
file00720.txt	4	501	6.615718806	0.697787611	0.023952096	0.011976048
file00046.txt	6	1222	7.212384726	0.633878943	0.022094926	0.017184943
file00293.txt	4	939	7.053271849	0.637640449	0.027689031	0.012779553
file01199.txt	4	775	6.548004407	0.630798898	0.036129032	0.019354839
file00287.txt	9	1666	7.083569496	0.762251082	0.042617047	0.021608643
file01172.txt	4	681	6.896410436	0.649683544	0.052863436	0.005873715
file00278.txt	5	1108	6.950095097	0.697299339	0.042418773	0.016245487
file01166.txt	5	751	7.014522423	0.641908832	0.019973369	0.00665779
file00536.txt	4	1069	6.749003113	0.566352941	0.045837231	0.026192703
file00250.txt	8	1168	7.009058164	0.730116175	0.030821918	0.016267123
file00244.txt	6	1332	7.047913425	0.69381138	0.051801802	0.025525526
file00522.txt	5	1024	6.992445466	0.640779487	0.060546875	0.005859375
file00481.txt	3	552	6.651738266	0.670854871	0.059782609	0.012681159
file00495.txt	5	1279	6.735763958	0.631284553	0.054730258	0.033620016
file01006.txt	5	938	6.978349658	0.641619798	0.023454158	0.00533049
file00318.txt	7	1337	7.177801311	0.70234472	0.038893044	0.011967091
file01012.txt	4	560	6.90853597	0.660508806	0.026785714	0.007142857
file00442.txt	7	1037	6.969765828	0.728562753	0.040501446	0.012536162
file00324.txt	6	877	7.09601966	0.700048309	0.033067275	0.017103763
file00330.txt	7	1137	6.838517823	0.723327206	0.024626209	0.016710642
file00456.txt	4	697	6.94682663	0.63308642	0.027259684	0.005738881
file00867.txt	3	672	6.655833582	0.684783307	0.052083333	0.007440476
file00873.txt	8	1109	7.157519015	0.693207547	0.032461677	0.014427412
file00683.txt	4	692	6.754266038	0.7081493	0.030346821	0.007225434
file00697.txt	6	1569	6.841124345	0.698078947	0.037603569	0.01848311
file01204.txt	8	1386	6.980226388	0.751682872	0.051948052	0.011544012
file00668.txt	4	920	6.850687364	0.681377727	0.042391304	0.013043478
file01210.txt	7	910	7.20563928	0.674123113	0.031868132	0.006593407
file00126.txt	6	1132	6.713134009	0.733481071	0.035335689	0.011484099
file01238.txt	9	1561	7.172804117	0.704656085	0.044843049	0.01793722
file00898.txt	4	739	6.799687939	0.656463768	0.036535859	0.0135318
file00640.txt	7	1375	7.079772038	0.670995475	0.050909091	0.012363636
file00654.txt	7	1328	6.977417128	0.700484754	0.041415663	0.018072289
file00132.txt	5	1119	7.145851774	0.668130841	0.036639857	0.016979446
file00655.txt	4	830	7.30384127	0.630729834	0.025301205	0.004819277
file00133.txt	5	851	6.849395342	0.72765586	0.055229142	0.029377203
file01239.txt	9	1788	6.937954696	0.748096607	0.076621924	0.011744966
file00127.txt	8	1291	7.075705246	0.694621578	0.017041053	0.015491867
file00641.txt	7	1402	7.302192713	0.706459719	0.022824536	0.014978602
file00899.txt	4	877	6.832880468	0.672657005	0.055872292	0.010262258
file00669.txt	5	634	6.914712219	0.746324786	0.042586751	0.004731861
file01211.txt	9	1118	7.205295655	0.6997942	0.048300537	0.008944544
file01205.txt	9	1388	7.059631283	0.697729649	0.061959654	0.013688761
file00696.txt	5	607	6.883299856	0.737526882	0.024711697	0.016474465
file00682.txt	5	1037	6.957471589	0.643744939	0.055930569	0.007714561
file00872.txt	5	856	7.10560602	0.641486989	0.026869159	0.001168224
file00866.txt	4	986	6.71175346	0.740277481	0.030425963	0.010141988
file00331.txt	4	537	7.102936663	0.680163934	0.026070764	0.003724395
file00457.txt	4	657	7.068820338	0.623848684	0.03500761	0.01065449
file00443.txt	4	912	7.059685062	0.670614137	0.024122807	0.00877193
file00325.txt	9	1582	7.41828046	0.673242009	0.024020228	0.016434893
file01013.txt	4	1042	6.617519304	0.636153072	0.027831094	0.013435701
file00319.txt	9	1396	7.044451736	0.737995546	0.027936963	0.022206304
file01007.txt	5	787	7.083473022	0.637452575	0.031766201	0.005082592
file00494.txt	4	599	6.368473206	0.619672727	0.03672788	0.011686144
file00480.txt	4	549	6.9732459	0.658	0.034608379	0.007285974
file00245.txt	4	1018	7.024375584	0.677647059	0.050098232	0.015717092
file00523.txt	4	739	6.779792429	0.681565217	0.047361299	0.00270636
file00537.txt	3	480	6.796751034	0.611136891	0.041666667	0.008333333
file00251.txt	1	159	5.536696711	0.810363636	0.031446541	0
file01167.txt	5	904	6.998122162	0.597520468	0.033185841	0.011061947
file00279.txt	5	1018	6.757355697	0.728482972	0.050098232	0.010805501
file01173.txt	7	1482	6.966759443	0.660697837	0.016869096	0.021592443
file00286.txt	7	1067	7.034599453	0.696385069	0.034676664	0.016869728
file01198.txt	3	410	6.783414433	0.700277008	0.051219512	0.002439024
file00292.txt	4	714	7.07478774	0.578526316	0.039215686	0.007002801
file00721.txt	3	377	6.860183477	0.665365854	0.039787798	0.00530504
file00047.txt	6	1131	7.166920496	0.672994455	0.054818744	0.00530504
file00053.txt	5	636	7.230792334	0.614207836	0.031446541	0.003144654
file00735.txt	4	629	6.736356545	0.660241379	0.031796502	0.004769475
file00709.txt	4	749	6.73571936	0.682428571	0.021361816	0.016021362
file00084.txt	5	820	6.920862891	0.66383917	0.031707317	0.018292683
file00090.txt	4	732	6.673477208	0.687935578	0.047814208	0.005464481
file00906.txt	5	1491	7.071180691	0.677115118	0.030181087	0.022132797
file00912.txt	4	642	6.941620063	0.599123103	0.026479751	0.015576324
file00904.txt	5	1018	6.853755384	0.711578947	0.046168959	0.021611002
file00910.txt	3	926	6.918722514	0.59304447	0.051835853	0.006479482
file00086.txt	1	218	5.566386113	0.712307692	0.018348624	0
file00938.txt	3	460	7.16515155	0.585985401	0.019565217	0.006521739
file00092.txt	6	751	7.187760126	0.679059829	0.022636485	0.015978695
file00079.txt	5	1117	7.369423367	0.59428839	0.028648165	0.008057296
file00045.txt	6	1009	7.04403626	0.689020833	0.044598612	0.009910803
file00723.txt	5	873	6.705510123	0.639004854	0.018327606	0.006872852
file00737.txt	3	473	6.628189155	0.626792453	0.00845666	0.00422833
file00051.txt	7	1456	7.214638704	0.660653873	0.021291209	0.029532967
file00284.txt	5	1057	6.863694184	0.726666667	0.049195837	0.022705771
file00290.txt	5	929	7.167125179	0.704545455	0.044133477	0.015069968
file01165.txt	4	652	7.050526759	0.588623549	0.016871166	0.007668712
file01171.txt	3	578	6.897969824	0.609981096	0.05017301	0.003460208
file00509.txt	5	1154	7.107198075	0.657049774	0.038994801	0.006065858
file00521.txt	6	1054	7.030870254	0.722865672	0.065464896	0.020872865
file00247.txt	5	980	7.117493643	0.66236305	0.029591837	0.015306122
file01159.txt	4	821	6.889278012	0.700466321	0.048721072	0.009744214
file00253.txt	9	1054	7.109575504	0.744318408	0.033206831	0.023719165
file00535.txt	4	879	6.893169302	0.54173494	0.055745165	0.003412969
file00496.txt	6	895	6.933634299	0.716359338	0.034636872	0.024581006
file00482.txt	5	843	7.141259162	0.745642317	0.024911032	0.007117438
file00469.txt	6	934	7.20150692	0.729355932	0.053533191	0.017130621
file01011.txt	4	402	6.717157177	0.726288952	0.02238806	0.012437811
file01005.txt	4	941	6.608870708	0.609775785	0.031880978	0.007438895
file00455.txt	4	1206	6.979879339	0.598288678	0.035655058	0.006633499
file00333.txt	4	695	6.801342871	0.702631579	0.057553957	0.008633094
file01039.txt	4	1020	7.083125211	0.602471679	0.037254902	0.011764706
file00327.txt	7	800	6.982155251	0.726338216	0.03375	0.01125
file00441.txt	6	1045	7.208145294	0.685903614	0.026794258	0.018181818
file00870.txt	6	808	6.893102311	0.694413702	0.043316832	0.003712871
file00864.txt	4	762	6.923906164	0.674530154	0.039370079	0.007874016
file00694.txt	5	1171	7.099027656	0.701194296	0.030742955	0.014517506
file00680.txt	3	656	6.997823808	0.57169687	0.018292683	0.009146341
file00858.txt	4	789	6.847699964	0.672	0.040557668	0.011406844
file01213.txt	8	1643	7.015175454	0.721907152	0.051125989	0.010955569
file00119.txt	4	797	7.014039209	0.62171123	0.031367629	0.007528231
file01207.txt	8	1471	7.1103548	0.675555556	0.03942896	0.010197145
file00131.txt	6	905	7.13310975	0.65932243	0.022099448	0.017679558
file00657.txt	8	1201	7.081094258	0.72734375	0.038301415	0.002497918
file00643.txt	5	1005	7.051689751	0.645083682	0.023880597	0.020895522
file00125.txt	5	941	6.96055495	0.696928251	0.020191286	0.012752391
file00642.txt	5	903	6.967920522	0.654847775	0.044296788	0.00110742
file00124.txt	4	806	6.951633745	0.688428005	0.034739454	0.007444169
file00130.txt	5	1284	6.968313656	0.64059919	0.021806854	0.009345794
file00656.txt	6	1131	6.930571534	0.672624769	0.043324492	0.006189213
file01206.txt	8	1214	6.981619675	0.729253219	0.037067545	0.011532125
file00118.txt	6	1032	7.280763642	0.663296033	0.031976744	0.014534884
file01212.txt	7	906	7.096488221	0.704387398	0.033112583	0.011037528
file00859.txt	3	356	6.588121393	0.679348534	0.025280899	0.011235955
file00681.txt	5	1239	6.913807056	0.694857143	0.041162228	0.002421308
file00695.txt	7	1147	7.060191888	0.660236794	0.025283348	0.032258065
file00865.txt	3	590	6.970973442	0.677375231	0.050847458	0.005084746
file00871.txt	4	997	6.806434467	0.592257384	0.022066199	0.012036108
file00326.txt	6	888	6.800281039	0.723265793	0.054054054	0.01463964
file01038.txt	4	821	6.661860399	0.679378238	0.03410475	0.013398295
file00440.txt	6	1103	6.852926941	0.710322581	0.042611061	0.011786038
file00454.txt	3	769	6.980253663	0.591611111	0.032509753	0.00390117
file00332.txt	9	1080	6.95532025	0.726071775	0.032407407	0.018518519
file01004.txt	5	1151	6.978609335	0.627549909	0.059079062	0.019113814
file00468.txt	3	782	6.89564084	0.637762619	0.033248082	0.003836317
file01010.txt	5	999	6.817062552	0.695768421	0.03003003	0.006006006
file00483.txt	4	564	6.920728567	0.677087379	0.037234043	0.007092199
file00497.txt	4	813	7.056981076	0.650287958	0.054120541	0.011070111
file00252.txt	8	1333	7.04018086	0.710498442	0.037509377	0.018754689
file00534.txt	5	912	6.970613162	0.653117034	0.040570175	0.006578947
file00520.txt	5	1077	7.174689292	0.684416342	0.04363974	0.008356546
file01158.txt	6	1007	7.005947707	0.640501044	0.035749752	0.012909633
file00246.txt	1	104	5.365106545	0.650909091	0.057692308	0
file01170.txt	4	695	7.137823318	0.677925697	0.035971223	0.008633094
file00508.txt	6	1079	7.100371955	0.658504854	0.048192771	0.006487488
file01164.txt	3	510	6.777486133	0.684078091	0.054901961	0.025490196
file00291.txt	4	937	7.185272235	0.647927928	0.016008538	0.004268943
file00285.txt	7	1317	7.013454164	0.719195584	0.031131359	0.018223235
file00736.txt	5	982	7.149848701	0.636270096	0.046843177	0.013238289
file00050.txt	4	507	6.62857537	0.641004367	0.027613412	0.013806706
file00044.txt	7	935	7.168935116	0.658961625	0.044919786	0.006417112
file00722.txt	4	591	7.099888155	0.592066421	0.03891709	0.013536379
file00078.txt	5	1068	7.287158833	0.623179588	0.033707865	0.004681648
file00093.txt	6	771	6.981120819	0.628116343	0.049286641	0.009079118
file00087.txt	6	1088	7.077152935	0.722752647	0.057904412	0.008272059
file00939.txt	5	1069	7.078556442	0.657588235	0.023386342	0.003741815
file00911.txt	4	848	7.035920216	0.623654568	0.036556604	0.010613208
file00905.txt	4	675	6.783731343	0.682044728	0.053333333	0.016296296
file00083.txt	4	730	6.942866259	0.633362702	0.04109589	0.008219178
file00097.txt	4	597	6.788720338	0.628905109	0.045226131	0.015075377
file00929.txt	3	738	6.948295614	0.589433962	0.024390244	0.010840108
file00901.txt	5	880	7.020465334	0.707436823	0.029545455	0.007954545
file00915.txt	4	721	6.642559243	0.605238095	0.024965326	0.0110957
file00726.txt	4	578	7.019072492	0.651795841	0.038062284	0.006920415
file00040.txt	4	671	6.755498429	0.679131833	0.043219076	0.01490313
file00054.txt	7	1466	7.163427606	0.716993649	0.025920873	0.008185539
file00732.txt	4	800	7.065782897	0.614567244	0.0275	0.00625
file00068.txt	4	1172	7.048882239	0.613072128	0.030716724	0.005972696
file00281.txt	4	1111	7.134226772	0.620677966	0.02070207	0.01710171
file00295.txt	5	864	6.902041513	0.670306748	0.027777778	0.028935185
file00242.txt	4	749	6.931092014	0.686171429	0.037383178	0.016021362
file00524.txt	5	1234	7.035785464	0.727189873	0.03808752	0.012155592
file00530.txt	3	426	6.752505927	0.681485411	0.037558685	0.004694836
file00256.txt	3	578	6.265810284	0.694404537	0.069204152	0.015570934
file01148.txt	5	755	6.669509937	0.696345609	0.034437086	0.009271523
file01160.txt	3	765	6.637522716	0.589469274	0.024836601	0.002614379
file00518.txt	5	791	6.745007169	0.684204852	0.044247788	0.008849558
file01174.txt	7	1203	7.185630851	0.671369151	0.014962594	0.007481297
file00493.txt	3	517	6.609129988	0.604700855	0.01934236	0.013539652
file00487.txt	4	486	6.690254249	0.652768879	0.043209877	0.002057613
file01028.txt	5	873	7.164463082	0.661674757	0.049255441	0.003436426
file00336.txt	5	1019	6.849628104	0.703814433	0.049067713	0.00686948
file00450.txt	3	510	6.976073665	0.601691974	0.041176471	0.001960784
file00444.txt	4	894	7.028216788	0.604662722	0.031319911	0.007829978
file00322.txt	5	994	7.170608443	0.610857143	0.034205231	0.010060362
file01014.txt	4	888	6.577041683	0.603694875	0.047297297	0.009009009
file00478.txt	4	597	6.984039252	0.600510949	0.031825796	0.005025126
file01000.txt	3	673	6.749064188	0.579487179	0.060921248	0.008915305
file00691.txt	5	945	7.06901263	0.702098214	0.035978836	0.012698413
file00849.txt	4	853	6.847120658	0.686766169	0.028135991	0.011723329
file00685.txt	4	648	7.002886105	0.659899833	0.032407407	0.009259259
file00875.txt	5	1044	6.91699113	0.649969849	0.024904215	0.016283525
file00861.txt	6	944	7.082178375	0.684849162	0.020127119	0.012711864
file00652.txt	8	1451	7.141695911	0.698416548	0.024810476	0.014472777
file00134.txt	6	716	6.971264401	0.683808096	0.036312849	0.01396648
file00120.txt	3	382	6.254988624	0.730570571	0.054973822	0.007853403
file00646.txt	3	492	6.670033675	0.598690745	0.028455285	0.006097561
file00108.txt	5	1390	6.652944853	0.614899329	0.050359712	0.026618705
file01216.txt	8	1231	6.973836162	0.692876481	0.041429732	0.011372868
file01202.txt	8	1433	7.025184536	0.723135838	0.036985345	0.012561061
file01203.txt	9	2046	7.225810398	0.737346019	0.035679374	0.01026393
file01217.txt	7	1504	6.985891052	0.680714777	0.059840426	0.005984043
file00109.txt	7	1309	7.026116877	0.671126984	0.024446142	0.013750955
file00121.txt	5	717	6.767565026	0.659670659	0.029288703	0.008368201
file00647.txt	4	939	6.717461703	0.643910112	0.052183174	0.002129925
file00653.txt	5	964	7.189554725	0.663431694	0.041493776	0.003112033
file00135.txt	5	993	7.067632956	0.656355932	0.035246727	0.012084592
file00860.txt	4	802	7.144973797	0.585737052	0.027431421	0.004987531
file00874.txt	8	1048	6.927054172	0.770650651	0.041030534	0.016221374
file00684.txt	4	548	6.888900928	0.605490982	0.023722628	0.003649635
file00848.txt	5	1033	6.944086061	0.712906504	0.03678606	0.004840271
file00690.txt	4	741	7.052238446	0.68716763	0.048582996	0.013495277
file00479.txt	4	628	7.376019064	0.578687392	0.01910828	0.006369427
file01001.txt	4	751	6.85978249	0.667435897	0.046604527	0.007989348
file01015.txt	5	937	6.872523943	0.64954955	0.054429029	0.009605123
file00445.txt	4	568	6.471104638	0.683737958	0.065140845	0.008802817
file00323.txt	8	1274	7.027698096	0.729681633	0.033751962	0.019623234
file00337.txt	6	941	6.865706811	0.698295964	0.05738576	0.009564293
file01029.txt	6	1085	7.066253598	0.691640927	0.035023041	0.012903226
file00451.txt	3	673	6.647528734	0.636442308	0.014858841	0.008915305
file00486.txt	3	428	6.936384091	0.573931398	0.028037383	0.007009346
file00492.txt	2	202	6.315814049	0.639215686	0.03960396	0
file01175.txt	7	1516	7.082638195	0.639154738	0.0323219	0.007255937
file01161.txt	4	521	6.976939702	0.656822034	0.028790787	0.001919386
file00519.txt	5	1168	7.145454024	0.701340483	0.047945205	0.008561644
file00531.txt	4	756	6.998304377	0.604526167	0.027777778	0.007936508
file01149.txt	4	746	6.793208767	0.658192253	0.040214477	0.002680965
file00257.txt	5	1099	7.246752484	0.661333333	0.032757052	0.002729754
file00243.txt	5	884	7.01138384	0.690538922	0.030542986	0.015837104
file00525.txt	5	894	6.857625833	0.652023669	0.027964206	0.010067114
file00294.txt	4	810	7.067779732	0.675269382	0.025925926	0.009876543
file00280.txt	5	1106	6.788412794	0.645998108	0.043399638	0.005424955
file00069.txt	5	728	6.90757397	0.635463918	0.019230769	0.001373626
file00055.txt	5	1025	6.846798006	0.67567623	0.035121951	0.010731707
file00733.txt	3	574	6.707828521	0.56567619	0.041811847	0.012195122
file00727.txt	3	402	6.787562829	0.698130312	0.05721393	0
file00041.txt	5	777	6.958101476	0.707307692	0.032175032	0
file00914.txt	3	457	6.760600431	0.567794118	0.059080963	0.008752735
file00900.txt	6	1317	7.006424258	0.758485804	0.027334852	0.012148823
file00096.txt	5	1001	7.371177633	0.650840336	0.018981019	0.017982018
file00928.txt	4	723	7.046017812	0.609228487	0.031811895	0.015214385
file00082.txt	3	644	7.041833306	0.641310924	0.041925466	0.007763975
file00094.txt	4	722	6.873413799	0.637741456	0.03601108	0.012465374
file00080.txt	4	723	6.88059502	0.652908012	0.053941909	0.011065007
file00916.txt	4	917	6.946995705	0.646820276	0.046892039	0.007633588
file00902.txt	7	1188	7.006140093	0.741966637	0.038720539	0.011784512
file00731.txt	3	543	6.767579183	0.66388664	0.036832413	0.003683241
file00057.txt	7	1223	7.057335004	0.719914821	0.035159444	0.002452984
file00043.txt	4	772	6.845420921	0.610816044	0.03238342	0.011658031
file00725.txt	4	628	6.62547999	0.646770294	0.071656051	0.007961783
file00719.txt	4	817	6.97968379	0.648072917	0.026927785	0.013463892
file01188.txt	9	1581	7.10699573	0.713120104	0.034788109	0.01201771
file00296.txt	4	1051	6.958770417	0.66992016	0.049476689	0.006660324
file00282.txt	5	916	6.926312919	0.656655133	0.045851528	0.015283843
file00255.txt	7	986	7.077354466	0.731632871	0.040567951	0.014198783
file00533.txt	4	726	7.026607034	0.545317578	0.045454545	0.009641873
file00527.txt	2	205	6.180718908	0.679615385	0.048780488	0.014634146
file00241.txt	4	683	6.852993187	0.679274448	0.032210835	0.01317716
file00269.txt	4	649	6.781108482	0.711366667	0.030816641	0.01540832
file01177.txt	5	1314	7.059464552	0.662071146	0.051750381	0.011415525
file01163.txt	3	549	6.493294251	0.68096	0.06557377	0.016393443
file00484.txt	3	308	6.648284917	0.622239382	0.038961039	0.003246753
file00490.txt	4	667	6.641158624	0.676699029	0.037481259	0.020989505
file00321.txt	6	850	6.908884482	0.71855181	0.051764706	0.010588235
file00447.txt	3	439	6.698763732	0.637025641	0.025056948	0.004555809
file00453.txt	5	741	6.801290696	0.621098266	0.044534413	0.033738192
file00335.txt	4	602	6.895648357	0.698770344	0.041528239	0.014950166
file01003.txt	5	825	7.011361855	0.722319588	0.03030303	0.013333333
file01017.txt	5	986	6.866055841	0.643329776	0.048681542	0.014198783
file00309.txt	4	816	6.688773477	0.696479791	0.034313725	0.009803922
file00686.txt	4	954	7.120032975	0.648464088	0.024109015	0.008385744
file00692.txt	3	491	6.549963688	0.646515837	0.030549898	0.00814664
file00862.txt	5	1090	6.905950633	0.731392891	0.037614679	0.006422018
file00876.txt	5	1127	7.097225726	0.679387755	0.036379769	0.015971606
file00645.txt	4	1049	6.769291388	0.70262	0.022878932	0.0085796
file00123.txt	5	803	6.733196535	0.747506631	0.03237858	0.01494396
file00137.txt	4	437	7.032631496	0.667731959	0.052631579	0.006864989
file01229.txt	8	1025	6.886337711	0.682192623	0.091707317	0.010731707
file00889.txt	5	827	6.895094001	0.672313625	0.045949214	0.012091898
file00651.txt	6	1229	7.078286855	0.617254237	0.036615134	0.007323027
file00679.txt	5	970	6.904116552	0.712920738	0.044329897	0.026804124
file01201.txt	4	705	6.780451858	0.634634146	0.026950355	0.004255319
file01215.txt	8	1476	6.82164042	0.69880869	0.030487805	0.010162602
file01214.txt	8	1317	6.926665871	0.72807571	0.040242976	0.01063022
file00678.txt	4	1275	7.099946996	0.597536705	0.029803922	0.014901961
file01200.txt	4	579	6.907589993	0.576981132	0.025906736	0.003454231
file01228.txt	8	962	7.000227121	0.717721796	0.066528067	0.012474012
file00136.txt	6	1447	7.075715552	0.630114449	0.025570145	0.01796821
file00650.txt	7	1165	7.037733952	0.681326165	0.030901288	0.010300429
file00888.txt	4	584	6.958720205	0.611252336	0.020547945	0.003424658
file00644.txt	4	1059	6.944608417	0.677663366	0.030217186	0.009442871
file00122.txt	6	1381	6.968416365	0.696981982	0.031136857	0.018826937
file00877.txt	6	1337	7.302893724	0.631335404	0.032161556	0.007479432
file00863.txt	5	933	6.763768382	0.716832579	0.043944266	0.020364416
file00693.txt	4	610	6.444579724	0.690552585	0.059016393	0.001639344
file00687.txt	4	739	7.050800301	0.600695652	0.036535859	0
file00308.txt	6	886	7.003772014	0.660573477	0.028216704	0.007900677
file01016.txt	4	882	6.826423599	0.695870348	0.036281179	0.011337868
file01002.txt	5	1073	6.800170205	0.647460938	0.018639329	0.01304753
file00452.txt	3	559	6.48545644	0.698784314	0.037567084	0.010733453
file00334.txt	5	619	6.843482048	0.677157895	0.04361874	0.001615509
file00320.txt	8	1224	7.097443093	0.680357447	0.057189542	0.016339869
file00446.txt	3	367	6.364954138	0.673899371	0.029972752	0.005449591
file00491.txt	7	863	6.906248526	0.758918919	0.044032445	0.020857474
file00485.txt	4	565	6.910900756	0.696821705	0.03539823	0.003539823
file01162.txt	4	549	6.906258471	0.66428	0.056466302	0.001821494
file01176.txt	7	1430	7.071562079	0.703403331	0.027272727	0.012587413
file00268.txt	4	556	6.582801689	0.724220907	0.039568345	0.005395683
file00526.txt	4	490	6.951157412	0.633922902	0.042857143	0.006122449
file00240.txt	4	951	6.864716561	0.630443459	0.030494217	0.012618297
file00254.txt	6	985	6.797248843	0.71267094	0.070050761	0.006091371
file00532.txt	4	807	7.009537639	0.656754617	0.033457249	0.003717472
file00283.txt	4	617	7.033605496	0.673697183	0.04376013	0.011345219
file00297.txt	5	1232	6.874862779	0.679492815	0.038149351	0.021103896
file01189.txt	6	1057	6.998311927	0.705615079	0.02743614	0.009460738
file00718.txt	3	516	6.673547667	0.680214133	0.060077519	0.001937984
file00042.txt	6	764	7.181095224	0.688615385	0.048429319	0.019633508
file00724.txt	4	868	6.876578752	0.707960928	0.036866359	0.023041475
file00730.txt	3	340	6.534426732	0.660137457	0.073529412	0
file00056.txt	4	1020	7.024076193	0.614809475	0.02745098	0.01372549
file00903.txt	4	752	6.737647532	0.621081081	0.029255319	0.005319149
file00917.txt	4	885	6.956609669	0.658205742	0.024858757	0.004519774
file00081.txt	5	780	7.065625199	0.656771546	0.015384615	0.01025641
file00095.txt	5	742	6.96741975	0.674025974	0.039083558	0.004043127
file00970.txt	4	846	6.790557303	0.676863237	0.028368794	0.002364066
file00964.txt	4	1006	6.814565314	0.640794148	0.036779324	0.010934394
file00794.txt	5	801	6.963200278	0.665984043	0.024968789	0.013732834
file00958.txt	2	225	6.219508752	0.697840909	0.084444444	0.004444444
file00780.txt	7	1435	7.229892441	0.637705628	0.031358885	0.01184669
file00019.txt	6	965	7.067395577	0.660349345	0.050777202	0.011398964
file00757.txt	3	514	7.02669611	0.564602151	0.040856031	0.003891051
file00031.txt	4	760	7.131699883	0.571533052	0.025	0.001315789
file00025.txt	6	807	7.044038253	0.723614776	0.054522924	0.003717472
file00743.txt	7	900	6.941107378	0.741292597	0.05	0.018888889
file00596.txt	5	1054	7.221007986	0.638646766	0.034155598	0.003795066
file00582.txt	3	467	6.416132914	0.722392344	0.053533191	0.038543897
file01111.txt	4	805	6.748510831	0.69547619	0.039751553	0.013664596
file00569.txt	2	209	6.014733186	0.702125	0.033492823	0.014354067
file01105.txt	3	822	6.660662455	0.564372574	0.03163017	0.008515815
file00233.txt	2	190	6.536265951	0.768652482	0.042105263	0.005263158
file00555.txt	4	813	7.021667696	0.692120419	0.05904059	0.009840098
file00541.txt	3	549	6.388590946	0.66088	0.063752277	0.007285974
file00227.txt	6	1029	7.072574962	0.682326531	0.044703596	0.012633625
file01139.txt	2	352	6.622441632	0.62660066	0.03125	0.008522727
file00384.txt	4	543	6.795697284	0.61145749	0.049723757	0.003683241
file00390.txt	3	696	7.019732841	0.682967543	0.027298851	0.005747126
file01065.txt	4	860	6.891684556	0.661233046	0.019767442	0.008139535
file00409.txt	3	386	6.390528697	0.695727003	0.062176166	0.007772021
file01071.txt	4	887	6.864844902	0.648281623	0.028184893	0.004509583
file01059.txt	3	509	6.867690573	0.660869565	0.049115914	0.009823183
file00347.txt	6	939	7.079265354	0.734067416	0.034078807	0.015974441
file00421.txt	5	786	7.144255354	0.66119403	0.03307888	0.011450382
file00435.txt	4	851	6.86630741	0.586683292	0.044653349	0.003525264
file00353.txt	5	1112	7.047371975	0.676425212	0.018884892	0.026079137
file00804.txt	4	1070	6.711349883	0.608383937	0.031775701	0.007476636
file00810.txt	6	1714	7.071527695	0.648372372	0.025087515	0.016336056
file00838.txt	8	1689	6.881756555	0.705536585	0.040852575	0.017761989
file00186.txt	6	901	7.05176532	0.723802817	0.045504994	0.009988901
file00192.txt	5	768	7.08838067	0.640862309	0.022135417	0.00390625
file00179.txt	2	311	6.496100877	0.668549618	0.048231511	0.006430868
file01267.txt	9	1591	7.122388768	0.757055772	0.028912634	0.011942175
file01273.txt	9	1305	7.079179408	0.760812102	0.039846743	0.009961686
file00623.txt	6	1218	6.865977608	0.746946108	0.027093596	0.009852217
file00145.txt	5	853	7.023169976	0.714900498	0.025791325	0.012895662
file00151.txt	6	1483	6.806372224	0.731896792	0.042481457	0.023600809
file00637.txt	4	697	6.939911347	0.646296296	0.048780488	0.015781923
file00150.txt	5	1133	7.182615252	0.607177122	0.031774051	0.0070609
file00636.txt	4	622	6.795564195	0.688830716	0.046623794	0.011254019
file00622.txt	4	673	6.647675267	0.64474359	0.038632987	0.011887073
file00144.txt	5	1647	6.880570861	0.678097622	0.035822708	0.023679417
file01272.txt	9	1262	7.016722366	0.762440231	0.028526149	0.013470681
file01266.txt	8	1227	6.920647458	0.768251273	0.060309698	0.007334963
file00178.txt	5	760	6.931025158	0.652855134	0.025	0.010526316
file00193.txt	4	916	7.08294823	0.636286044	0.030567686	0.016375546
file00839.txt	6	1267	7.185009057	0.671954023	0.030781373	0.009471192
file00187.txt	4	1166	6.853778311	0.679982095	0.048885077	0.006861063
file00811.txt	4	951	6.639181448	0.717627494	0.048370137	0.007360673
file00805.txt	3	929	7.004351284	0.551590909	0.031216362	0.009687836
file00434.txt	3	319	6.956453784	0.68437037	0.059561129	0
file00352.txt	6	866	6.747671445	0.716352509	0.043879908	0.019630485
file00346.txt	9	1152	6.927495939	0.690462375	0.075520833	0.012152778
file01058.txt	4	648	6.689281243	0.681135225	0.055555556	0.00462963
file00420.txt	4	795	7.0038502	0.631313673	0.050314465	0.012578616
file00408.txt	4	592	6.937216001	0.605782689	0.025337838	0.001689189
file01070.txt	5	975	7.061375885	0.69838013	0.036923077	0.007179487
file01064.txt	4	951	6.80267267	0.660088692	0.030494217	0.012618297
file00391.txt	7	1531	7.174981382	0.666477733	0.046374918	0.009797518
file00385.txt	3	659	6.497027959	0.599114754	0.047040971	0.016691958
file00540.txt	5	670	6.6759126	0.699774557	0.049253731	0.031343284
file01138.txt	3	481	6.589303809	0.635416667	0.041580042	0.01039501
file00226.txt	4	744	6.825579469	0.639568345	0.02688172	0.009408602
file00232.txt	4	592	6.88097356	0.614327808	0.032094595	0.013513514
file00554.txt	7	1207	6.894801087	0.707806563	0.069594035	0.017398509
file01104.txt	6	1243	7.078058726	0.697571189	0.041029767	0.01850362
file01110.txt	4	570	6.783492703	0.689021113	0.050877193	0.003508772
file00568.txt	4	873	6.715465788	0.715533981	0.035509737	0.01489118
file00583.txt	4	944	6.868705409	0.670256983	0.034957627	0.020127119
file00597.txt	3	729	6.903467327	0.588705882	0.032921811	0.006858711
file00024.txt	4	1097	6.767767097	0.626717557	0.019143118	0.006381039
file00742.txt	4	424	6.538797213	0.726666667	0.049528302	0.007075472
file00756.txt	5	1007	7.204940132	0.63	0.017874876	0.010923535
file00030.txt	6	1227	7.358953845	0.656027165	0.025264874	0.010594947
file00018.txt	8	1094	7.221192268	0.656784689	0.021023766	0.031078611
file00781.txt	4	665	6.935687403	0.594155844	0.018045113	0.009022556
file00959.txt	3	406	6.866135353	0.684929972	0.054187192	0.002463054
file00795.txt	5	889	6.959979978	0.694880952	0.044994376	0.006749156
file00965.txt	6	1214	7.007403771	0.651055794	0.035420099	0.014827018
file00971.txt	5	1180	6.783627032	0.703713528	0.044067797	0.010169492
file00967.txt	6	1258	7.035542389	0.666484698	0.046899841	0.0063593
file00973.txt	3	563	6.593439131	0.613540856	0.04973357	0
file00783.txt	4	522	6.590172264	0.665750529	0.036398467	0.003831418
file00797.txt	3	523	6.890558215	0.607679325	0.038240918	0.007648184
file00768.txt	3	636	6.67497639	0.675775128	0.031446541	0.011006289
file00740.txt	4	705	6.435213106	0.652652439	0.041134752	0.002836879
file00998.txt	3	484	6.539582557	0.596137931	0.039256198	0.010330579
file00026.txt	7	990	7.191905046	0.660850159	0.039393939	0.007070707
file00032.txt	4	841	7.006422638	0.631994949	0.045184304	0.015457788
file00754.txt	3	382	6.848503091	0.623063063	0.028795812	0
file00581.txt	4	650	6.605682093	0.595574043	0.021538462	0.006153846
file00595.txt	4	537	7.013977622	0.65454918	0.027932961	0
file00218.txt	4	1131	6.91628828	0.669001848	0.031830239	0.013262599
file01106.txt	4	763	7.065489462	0.619411765	0.02621232	0.00655308
file01112.txt	4	902	7.028147715	0.634021102	0.024390244	0.006651885
file00224.txt	4	865	6.611650545	0.664534314	0.03583815	0.011560694
file00542.txt	5	1069	6.973826225	0.619509804	0.018709074	0.011225444
file00556.txt	5	795	7.044684849	0.702654155	0.032704403	0.01509434
file00230.txt	4	724	7.083167802	0.640888889	0.059392265	0.017955801
file00393.txt	5	1030	6.786669528	0.746279307	0.048543689	0.018446602
file00387.txt	3	634	6.394320614	0.659145299	0.048895899	0.004731861
file01099.txt	4	679	6.929914147	0.708603175	0.038291605	0.00736377
file01072.txt	4	701	6.965825923	0.630398773	0.037089872	0.007132668
file01066.txt	4	893	7.045804138	0.6692891	0.024636058	0.004479283
file00378.txt	6	1258	6.905001034	0.739751861	0.046104928	0.020667727
file00350.txt	4	630	6.775223654	0.709810671	0.03968254	0.004761905
file00436.txt	4	899	6.813715085	0.624188235	0.031145717	0.012235818
file00422.txt	4	660	6.687355437	0.707037643	0.031818182	0.004545455
file00344.txt	5	943	7.165290522	0.664138702	0.023329799	0.007423118
file00813.txt	4	829	6.971884033	0.653128205	0.038600724	0.009650181
file00807.txt	6	1296	6.936749832	0.646463512	0.028549383	0.016975309
file00191.txt	3	593	7.058713442	0.627169118	0.030354132	0.013490725
file00185.txt	4	1103	6.770992441	0.58373814	0.057116954	0.009972801
file00608.txt	4	712	7.100690486	0.656772247	0.037921348	0.009831461
file01270.txt	7	1379	6.937519514	0.724315789	0.067440174	0.01595359
file01264.txt	7	1163	6.979798397	0.74059246	0.067067928	0.005159071
file00634.txt	3	500	6.853154057	0.577827051	0.048	0
file00152.txt	4	753	6.90186642	0.666818182	0.046480744	0.006640106
file00146.txt	5	1107	6.962434727	0.667958412	0.043360434	0.010840108
file01258.txt	9	1463	7.077932597	0.708528996	0.036226931	0.019138756
file00620.txt	6	1163	6.981529291	0.716894075	0.043852107	0.015477214
file01259.txt	7	1078	6.994399392	0.707308066	0.019480519	0.010204082
file00147.txt	4	726	6.931153767	0.683279173	0.034435262	0.004132231
file00621.txt	5	832	6.978364222	0.723933589	0.025240385	0.016826923
file00635.txt	4	732	6.910440373	0.673469985	0.042349727	0.006830601
file00153.txt	5	1230	6.921520333	0.713497036	0.042276423	0.026829268
file01265.txt	7	1438	7.1138402	0.746033117	0.050069541	0.007649513
file00609.txt	4	760	6.814805409	0.674205345	0.036842105	0.010526316
file01271.txt	9	1679	7.033236542	0.746797546	0.036926742	0.010720667
file00184.txt	4	711	7.221581634	0.649697885	0.026722925	0.007032349
file00190.txt	4	598	6.724348792	0.698287796	0.026755853	0.006688963
file00806.txt	4	994	7.014235819	0.689925926	0.027162978	0.012072435
file00812.txt	4	811	6.801777734	0.650944882	0.046855734	0.008631319
file00423.txt	3	545	6.552086961	0.582943548	0.04587156	0.001834862
file00345.txt	4	571	6.633459456	0.693371648	0.04028021	0.003502627
file00351.txt	8	1381	7.248874802	0.69481982	0.02679218	0.007965243
file00437.txt	3	451	6.45866317	0.609701493	0.033259424	0.00886918
file00379.txt	5	907	6.94072736	0.696573427	0.036383682	0.004410143
file01067.txt	4	937	6.96420374	0.630720721	0.028815368	0.006403415
file01073.txt	5	1151	7.2124019	0.671397459	0.019113814	0.006081668
file01098.txt	3	397	6.563611698	0.585862069	0.042821159	0.012594458
file00386.txt	3	679	6.744564852	0.654571429	0.030927835	0.008836524
file00392.txt	4	645	6.642879885	0.631979866	0.051162791	0.007751938
file00557.txt	5	726	6.993028805	0.715982275	0.023415978	0.024793388
file00231.txt	5	936	6.876528468	0.628726043	0.019230769	0.018162393
file00225.txt	4	954	6.930756607	0.700353591	0.030398323	0.01048218
file00543.txt	4	637	6.837279503	0.647142857	0.021978022	0.014128728
file01113.txt	7	1063	7.197902762	0.687357002	0.027281279	0.011288805
file01107.txt	4	1104	6.543696033	0.624511848	0.03442029	0.009963768
file00219.txt	4	688	6.920691448	0.709953052	0.047965116	0.011627907
file00594.txt	4	674	7.05092204	0.619488	0.043026706	0.017804154
file00580.txt	6	1050	7.020984875	0.706873127	0.033333333	0.007619048
file00033.txt	4	520	6.966823611	0.678216561	0.025	0.015384615
file00755.txt	4	623	6.907816545	0.578327526	0.041733547	0.011235955
file00999.txt	3	688	6.596299314	0.643693271	0.030523256	0.015988372
file00741.txt	3	319	6.687280164	0.694814815	0.05015674	0.006269592
file00027.txt	6	811	7.096149316	0.717086614	0.028360049	0.003699137
file00769.txt	4	621	7.167559521	0.601363636	0.057971014	0.009661836
file00796.txt	6	1211	7.275330728	0.691394148	0.030553262	0.016515277
file00782.txt	6	1420	7.091428613	0.593129103	0.023943662	0.017605634
file00972.txt	4	680	6.681167805	0.635657686	0.061764706	0.001470588
file00966.txt	7	1195	7.23567042	0.68408377	0.060251046	0.013389121
file00786.txt	4	647	7.073575996	0.633979933	0.023183926	0.013910355
file00792.txt	5	1349	7.168848123	0.689446154	0.032616753	0.025203855
file00962.txt	7	878	7.090339552	0.703015682	0.051252847	0.01594533
file00976.txt	3	654	6.637274901	0.630578512	0.059633028	0.009174312
file00023.txt	4	791	6.987621461	0.682749326	0.04045512	0.006321113
file00745.txt	3	521	6.65125124	0.644872881	0.053742802	0.011516315
file00751.txt	4	866	6.748220718	0.662766218	0.035796767	0.004618938
file00989.txt	6	1454	7.017615571	0.707003559	0.039202201	0.008940853
file00037.txt	7	884	7.320495582	0.678658683	0.0260181	0.016968326
file00779.txt	4	866	6.875754814	0.669449204	0.038106236	0.006928406
file00584.txt	2	229	6.238006002	0.694555556	0.030567686	0
file00590.txt	4	863	7.044621781	0.627739558	0.020857474	0.00811124
file00547.txt	4	563	6.805654629	0.630272374	0.035523979	0.012433393
file00221.txt	5	897	7.077779497	0.63634434	0.02006689	0.003344482
file00235.txt	4	733	6.975758953	0.539005848	0.042291951	0.010914052
file00553.txt	5	1019	7.258770555	0.671628866	0.034347399	0.009813543
file01103.txt	4	649	6.769225012	0.650933333	0.041602465	0.012326656
file00209.txt	5	881	6.970317776	0.681730769	0.027241771	0.005675369
file01117.txt	6	1118	6.588478824	0.720841908	0.032200358	0.010733453
file00396.txt	4	783	6.998104921	0.645694823	0.047254151	0.014048531
file01088.txt	4	426	6.828064796	0.648912467	0.028169014	0.011737089
file00382.txt	6	1064	7.093015151	0.668866995	0.026315789	0.020676692
file00433.txt	5	728	6.922281419	0.711693667	0.048076923	0.006868132
file00355.txt	6	801	6.838772058	0.701861702	0.042446941	0.021223471
file00341.txt	8	1085	7.022048697	0.728687259	0.041474654	0.007373272
file00427.txt	3	505	6.886181029	0.644473684	0.047524752	0.01980198
file01077.txt	6	1140	6.940033983	0.685811182	0.040350877	0.00877193
file00369.txt	4	846	7.183221345	0.698569636	0.026004728	0.011820331
file01063.txt	5	792	6.954204491	0.708882907	0.023989899	0.007575758
file00194.txt	3	537	6.651326659	0.608483607	0.018621974	0.003724395
file00180.txt	4	632	6.866178852	0.69135506	0.034810127	0.014240506
file00816.txt	8	1605	7.210453722	0.691131105	0.043613707	0.012461059
file00802.txt	7	1298	7.035105454	0.733883106	0.050077042	0.01155624
file00157.txt	3	247	6.261733157	0.666767677	0.036437247	0.032388664
file01249.txt	7	861	6.912262206	0.732783251	0.077816492	0.009291521
file00631.txt	4	481	6.75997577	0.674398148	0.029106029	0.01039501
file00625.txt	5	984	6.924552046	0.706609626	0.038617886	0.011178862
file00143.txt	4	839	7.02938796	0.659113924	0.035756853	0.007151371
file01275.txt	7	1201	7.080810054	0.705677083	0.027477102	0.021648626
file00619.txt	4	698	6.573949801	0.641078582	0.041547278	0.018624642
file01261.txt	8	1059	7.025929968	0.745742574	0.034938621	0.011331445
file00618.txt	4	782	7.001675591	0.659017735	0.031969309	0.010230179
file01260.txt	8	1278	6.976673885	0.727257933	0.042253521	0.013302034
file01274.txt	9	1527	7.13544958	0.726874154	0.037982973	0.012442698
file00624.txt	4	902	7.01329237	0.625791325	0.042128603	0.011086475
file00142.txt	5	888	6.825222511	0.693420739	0.028153153	0.005630631
file01248.txt	9	1395	7.098323337	0.715497771	0.062365591	0.015770609
file00156.txt	3	376	6.847443795	0.564892966	0.021276596	0.002659574
file00630.txt	6	1041	6.844104485	0.718709677	0.042267051	0.009606148
file00803.txt	4	1046	6.679571161	0.696369107	0.043021033	0.01625239
file00817.txt	5	1143	6.768242346	0.678555759	0.033245844	0.010498688
file00181.txt	6	693	6.961729669	0.727049689	0.062049062	0.011544012
file00195.txt	5	1041	6.877249644	0.665201613	0.025936599	0.020172911
file01062.txt	3	1140	6.84773747	0.573235564	0.030701754	0.001754386
file00368.txt	5	1098	6.896517451	0.728369876	0.040983607	0.025500911
file01076.txt	4	982	6.848174322	0.730460879	0.035641548	0.00814664
file00340.txt	5	783	6.816125068	0.722016349	0.034482759	0.022988506
file00426.txt	3	304	6.526321807	0.655764706	0.046052632	0.036184211
file00432.txt	4	706	6.990939797	0.653668189	0.032577904	0.018413598
file00354.txt	5	977	7.0606899	0.713297414	0.052200614	0.011258956
file00383.txt	3	808	6.591924788	0.62345191	0.048267327	0.007425743
file01089.txt	4	645	7.045935136	0.624127517	0.03255814	0.020155039
file00397.txt	8	993	6.856450153	0.710148305	0.042296073	0.013091641
file01116.txt	5	948	6.937245735	0.668965517	0.034810127	0.011603376
file00208.txt	6	1865	7.056295853	0.633821586	0.033780161	0.01233244
file01102.txt	5	822	6.835482675	0.653376455	0.045012165	0.006082725
file00234.txt	4	890	6.736202191	0.635338882	0.043820225	0.014606742
file00552.txt	4	723	6.952558636	0.710385757	0.035961272	0.011065007
file00546.txt	5	1327	6.972784784	0.612237872	0.027882442	0.013564431
file00220.txt	4	820	7.046271254	0.618339818	0.034146341	0.007317073
file00591.txt	4	512	6.795540372	0.691403888	0.0390625	0.01171875
file00585.txt	2	329	6.422454206	0.698642857	0.042553191	0.003039514
file00778.txt	4	902	6.657826817	0.621524033	0.027716186	0.011086475
file00988.txt	4	1268	6.861068159	0.71588187	0.041009464	0.009463722
file00750.txt	3	459	6.375376736	0.627463415	0.034858388	0.015250545
file00036.txt	4	556	6.875340696	0.656331361	0.03057554	0.019784173
file00022.txt	7	1427	7.016117483	0.66946299	0.023826209	0.005606167
file00744.txt	3	419	6.698097512	0.670918919	0.033412888	0.007159905
file00977.txt	8	2090	7.036717607	0.703655071	0.068899522	0.013875598
file00963.txt	5	1154	7.045482811	0.628199095	0.045060659	0.005199307
file00793.txt	5	775	7.020364145	0.686666667	0.038709677	0.012903226
file00787.txt	4	586	6.960594374	0.700260708	0.034129693	0.001706485
file00949.txt	2	140	5.658073447	0.758681319	0.05	0.007142857
file00791.txt	7	1179	6.809601613	0.725451327	0.060220526	0.016115352
file00785.txt	4	605	6.816906046	0.631079137	0.038016529	0.003305785
file00975.txt	4	642	6.960246504	0.681686341	0.046728972	0.00623053
file00961.txt	2	117	6.309470168	0.712352941	0.034188034	0
file00034.txt	7	1142	6.949210354	0.718060384	0.029772329	0.021891419
file00752.txt	3	458	6.690750242	0.627823961	0.028384279	0.021834061
file00746.txt	3	306	6.940031909	0.62459144	0.019607843	0.006535948
file00020.txt	4	743	6.598110905	0.700086455	0.047106326	0.02153432
file00008.txt	6	878	7.12160852	0.674861279	0.028473804	0.007972665
file00593.txt	4	747	6.903108421	0.635702006	0.030789826	0.009370817
file00587.txt	4	562	7.19563806	0.603001949	0.051601423	0.021352313
file00550.txt	5	1114	6.780786208	0.6502723	0.02064632	0.014362657
file00236.txt	4	532	6.761185132	0.711469979	0.046992481	0.003759398
file01128.txt	3	278	6.062546756	0.725152838	0.053956835	0.014388489
file00222.txt	3	401	6.597755089	0.706818182	0.034912718	0.019950125
file00544.txt	5	905	6.982245591	0.654906542	0.032044199	0.012154696
file01114.txt	5	1055	6.802024571	0.680159046	0.022748815	0.011374408
file01100.txt	5	1064	7.046395014	0.710325123	0.026315789	0.013157895
file00578.txt	4	823	6.880418758	0.678191214	0.034021871	0.002430134
file00381.txt	5	931	7.053531245	0.659727891	0.054779807	0.011815252
file00395.txt	4	748	7.139466366	0.586094421	0.054812834	0.010695187
file00424.txt	4	905	6.882871624	0.557172897	0.037569061	0.005524862
file00342.txt	7	867	6.621882469	0.747897311	0.061130334	0.01384083
file01048.txt	3	436	6.659647591	0.651007752	0.032110092	0
file00356.txt	5	637	6.849871353	0.742993197	0.029827316	0.01255887
file00430.txt	3	604	6.412393719	0.671135135	0.026490066	0.013245033
file00418.txt	2	184	6.625097063	0.749777778	0.086956522	0.005434783
file01060.txt	4	1169	7.141822525	0.684321429	0.028229256	0.006843456
file01074.txt	5	967	7.100092654	0.650392157	0.028955533	0.007238883
file00183.txt	4	538	6.928709949	0.650961145	0.026022305	0.020446097
file00829.txt	3	559	7.159408349	0.611843137	0.02862254	0.010733453
file00197.txt	3	372	7.036457532	0.595232198	0.056451613	0
file00801.txt	4	787	6.831765065	0.69298103	0.054637865	0.024142313
file00815.txt	4	781	6.999590613	0.61442623	0.044814341	0.005121639
file00140.txt	3	438	6.745440749	0.661336761	0.047945205	0.00913242
file00626.txt	4	924	6.979213043	0.65232	0.031385281	0.012987013
file00632.txt	3	555	6.934707181	0.671225296	0.036036036	0.005405405
file00154.txt	4	636	6.64069838	0.63274276	0.039308176	0.007861635
file01262.txt	7	1267	7.195712772	0.672512315	0.056827151	0.002367798
file00168.txt	4	754	6.974366348	0.621106383	0.029177719	0.014588859
file01276.txt	7	1533	6.840531568	0.689514825	0.026092629	0.016960209
file01277.txt	9	1654	7.065024531	0.73117757	0.042321644	0.013301088
file00169.txt	4	733	6.902725444	0.651491228	0.025920873	0.012278308
file01263.txt	8	1394	7.087967364	0.705486989	0.041606887	0.010760402
file00633.txt	3	449	7.045018848	0.5228	0.040089087	0.0155902
file00155.txt	3	577	6.397320415	0.672727273	0.045060659	0.027729636
file00141.txt	4	659	6.851601704	0.633606557	0.050075873	0.007587253
file00627.txt	4	635	6.404659121	0.63774744	0.053543307	0.011023622
file00814.txt	4	950	6.885838841	0.642574917	0.024210526	0.012631579
file00800.txt	6	899	7.106377521	0.684258824	0.040044494	0.007786429
file00828.txt	3	425	6.656387175	0.688670213	0.011764706	0.011764706
file00196.txt	5	1039	7.040749346	0.662787879	0.043310876	0.010587103
file00182.txt	6	649	6.898096358	0.724433333	0.044684129	0.006163328
file01075.txt	4	634	6.713181389	0.656034188	0.042586751	0.004731861
file00419.txt	4	421	6.902423157	0.674516129	0.035629454	0.007125891
file01061.txt	5	808	7.000752491	0.641449275	0.058168317	0.016089109
file00357.txt	6	1367	6.763751628	0.747010622	0.065106072	0.017556693
file01049.txt	3	515	6.703134303	0.625493562	0.042718447	0.013592233
file00431.txt	5	647	6.902448782	0.675217391	0.034003091	0.018547141
file00425.txt	3	316	6.484809325	0.636329588	0.079113924	0.003164557
file00343.txt	7	1099	6.836892268	0.718457143	0.040946315	0.010009099
file00394.txt	5	966	6.925493083	0.665169029	0.049689441	0.017598344
file00380.txt	7	1228	7.165904727	0.732519084	0.035016287	0.017100977
file01101.txt	8	1677	7.018776375	0.715614251	0.030411449	0.022063208
file00579.txt	4	812	6.508358436	0.614626474	0.012315271	0.02955665
file01115.txt	6	1076	6.745889582	0.671957157	0.029739777	0.016728625
file00223.txt	5	1005	6.812394242	0.622217573	0.017910448	0.000995025
file00545.txt	4	614	6.917998611	0.599858407	0.035830619	0.009771987
file00551.txt	4	599	7.096808295	0.636690909	0.035058431	0.003338898
file01129.txt	3	404	6.374296693	0.655267606	0.047029703	0.02970297
file00237.txt	5	1175	6.993045687	0.709076377	0.034893617	0.020425532
file00586.txt	3	397	6.214480475	0.643275862	0.050377834	0.017632242
file00592.txt	4	586	7.274593786	0.581303538	0.042662116	0.003412969
file00009.txt	6	1584	6.969881695	0.676325733	0.041035354	0.016414141
file00747.txt	3	377	6.605348444	0.67695122	0.061007958	0.00795756
file00021.txt	6	1096	6.827371093	0.659063992	0.032846715	0.01459854
file00035.txt	6	1063	6.859032363	0.725226824	0.035747883	0.019755409
file00753.txt	5	978	6.921016437	0.658019376	0.029652352	0.014314928
file00960.txt	3	607	6.872912267	0.686953405	0.044481054	0.014827018
file00974.txt	4	645	6.758434785	0.686812081	0.051162791	0.010852713
file00784.txt	3	614	6.979725477	0.649628319	0.027687296	0.019543974
file00790.txt	4	902	7.117295346	0.620328253	0.018847007	0.011086475
file00948.txt	2	356	6.144986667	0.669771987	0.092696629	0.011235955
file00951.txt	2	265	6.167368122	0.656851852	0.064150943	0.011320755
file00789.txt	6	1460	7.037591002	0.616286322	0.026027397	0.018493151
file00945.txt	2	232	5.714741682	0.721639344	0.056034483	0.00862069
file00979.txt	5	997	6.707846523	0.717130802	0.033099298	0.019057172
file00992.txt	3	585	6.842472046	0.609626866	0.041025641	0.011965812
file00038.txt	4	863	6.650693654	0.683660934	0.034762457	0.005793743
file00986.txt	6	1393	7.124221927	0.690997024	0.030150754	0.016511127
file00776.txt	5	559	6.909145396	0.73345098	0.055456172	0.010733453
file00010.txt	4	749	6.907613534	0.654685714	0.036048064	0.008010681
file00004.txt	4	760	6.81077561	0.654542897	0.036842105	0.007894737
file00762.txt	3	378	6.889750315	0.710699088	0.034391534	0.005291005
file01130.txt	3	351	6.154987407	0.659006623	0.042735043	0.028490028
file00548.txt	4	909	6.806340763	0.691883721	0.02530253	0.01650165
file01124.txt	3	593	6.066869873	0.598566176	0.038785835	0.006745363
file00212.txt	5	1177	6.847686538	0.713847518	0.043330501	0.010195412
file00574.txt	5	1115	6.744289168	0.707317073	0.037668161	0.013452915
file00560.txt	4	718	6.86323439	0.661106129	0.034818942	0.01810585
file00206.txt	4	863	6.793098545	0.7104914	0.037079954	0.013904983
file01118.txt	5	1104	6.928705137	0.653061611	0.02807971	0.019021739
file00399.txt	3	423	6.906088524	0.604385027	0.023640662	0
file01087.txt	4	943	6.744420255	0.625503356	0.046659597	0.008483563
file01093.txt	4	753	6.961491687	0.615056818	0.035856574	0.002656042
file01044.txt	5	1092	6.882267277	0.622972196	0.043040293	0.013736264
file00428.txt	3	563	6.356395275	0.601284047	0.035523979	0.008880995
file01050.txt	3	408	6.723009095	0.64902507	0.017156863	0.022058824
file01078.txt	7	1255	6.981301928	0.746517413	0.054183267	0.007968127
file00366.txt	4	850	7.088099376	0.681498127	0.034117647	0.004705882
file00400.txt	5	810	7.001748021	0.673298292	0.028395062	0.00617284
file00414.txt	4	617	7.075250092	0.644647887	0.037277147	0.016207455
file00372.txt	4	763	7.189094774	0.58254902	0.05897772	0.00655308
file00825.txt	4	925	6.705739479	0.580730594	0.031351351	0.020540541
file00831.txt	3	318	6.385800362	0.737620818	0.028301887	0.003144654
file00819.txt	5	930	6.957308202	0.704790011	0.053763441	0.011827957
file00158.txt	4	769	6.834333596	0.675277778	0.041612484	0.007802341
file01246.txt	7	1434	6.979660012	0.68765343	0.039051604	0.006276151
file01252.txt	9	1630	7.061516506	0.717975965	0.055828221	0.015337423
file00602.txt	4	855	6.922871412	0.649131514	0.028070175	0.005847953
file00164.txt	4	1073	6.751267509	0.641855469	0.027958993	0.010251631
file00170.txt	3	627	6.539569913	0.645916955	0.035087719	0.015948963
file00616.txt	4	908	6.909435803	0.650174622	0.035242291	0.004405286
file00171.txt	6	1170	7.018278035	0.706012489	0.015384615	0.007692308
file00617.txt	5	1157	6.826948173	0.731173285	0.031114952	0.012964564
file00603.txt	3	369	6.926433703	0.6186875	0.029810298	0.008130081
file00165.txt	5	978	6.757603041	0.654424112	0.024539877	0.011247444
file01253.txt	8	1256	6.853073867	0.665633803	0.051751592	0.027070064
file01247.txt	8	1177	7.028710164	0.706613475	0.051826678	0.021240442
file00159.txt	3	586	6.065809206	0.665065177	0.035836177	0.011945392
file00818.txt	4	1022	7.156498689	0.627728674	0.030332681	0.004892368
file00830.txt	3	627	6.300486379	0.65	0.031897927	0.011164274
file00824.txt	4	1019	7.074139474	0.655051546	0.043179588	0.01373896
file00415.txt	3	522	6.709860814	0.697124736	0.034482759	0.007662835
file00373.txt	4	964	6.778119554	0.629639344	0.056016598	0.006224066
file00367.txt	4	621	6.58900679	0.706748252	0.033816425	0.011272142
file01079.txt	5	782	6.853577219	0.700572988	0.051150895	0.015345269
file00401.txt	5	998	6.925109064	0.725437302	0.029058116	0.016032064
file00429.txt	4	592	6.932548979	0.685709024	0.030405405	0.010135135
file01051.txt	2	470	5.751133239	0.710261283	0.040425532	0.006382979
file01045.txt	3	551	6.585388435	0.585418327	0.045372051	0.010889292
file01092.txt	4	524	6.786998844	0.624884211	0.022900763	0.005725191
file01086.txt	2	384	6.771755396	0.598268657	0.041666667	0.010416667
file00398.txt	4	815	6.701341144	0.659791123	0.042944785	0.017177914
file00561.txt	4	568	7.208588517	0.571907514	0.031690141	0.001760563
file01119.txt	6	1512	6.951526856	0.629063568	0.025793651	0.020502646
file00207.txt	5	1594	7.190278771	0.654368932	0.025094103	0.020075282
file00213.txt	5	1256	7.070909794	0.634217067	0.012738854	0.015127389
file00575.txt	5	1209	6.905980594	0.654413793	0.030603805	0.015715467
file01125.txt	3	309	6.330162204	0.650307692	0.029126214	0.006472492
file01131.txt	3	401	6.21076319	0.599659091	0.052369077	0.012468828
file00549.txt	4	1097	6.732547824	0.573110687	0.029170465	0.02461258
file00005.txt	4	662	6.894438977	0.62365416	0.040785498	0.006042296
file00763.txt	4	682	6.988074748	0.644044234	0.032258065	0.008797654
file00777.txt	7	1155	7.082625341	0.735189873	0.035497835	0.017316017
file00011.txt	5	1343	7.057222674	0.626414219	0.029784066	0.015636634
file00039.txt	4	632	7.022505816	0.678284734	0.026898734	0.006329114
file00987.txt	6	1257	6.974056643	0.715165563	0.048528242	0.011137629
file00993.txt	3	527	6.605289618	0.608577406	0.056925996	0.003795066
file00978.txt	9	1261	7.109224902	0.714323432	0.039651071	0.015067407
file00944.txt	3	490	6.81688175	0.627120181	0.040816327	0
file00788.txt	6	1258	6.838422469	0.673531844	0.036565978	0.024642289
file00950.txt	3	553	5.701245352	0.609007937	0.05244123	0.01084991
file00946.txt	2	254	6.348251826	0.650634146	0.07480315	0
file00952.txt	2	194	5.599624749	0.793931034	0.030927835	0.025773196
file00985.txt	5	1067	6.991551443	0.719823183	0.023430178	0.016869728
file00749.txt	3	645	6.491514349	0.724463087	0.062015504	0.00620155
file00991.txt	8	1589	7.131197395	0.708922078	0.028949025	0.018250472
file00761.txt	4	977	6.850395067	0.622262931	0.028659161	0.011258956
file00007.txt	6	842	7.164583433	0.660151324	0.026128266	0.010688836
file00013.txt	4	744	7.154970589	0.559942446	0.040322581	0
file00775.txt	3	630	6.315035135	0.651531842	0.050793651	0.006349206
file00588.txt	4	972	6.993132385	0.641581798	0.023662551	0.002057613
file00239.txt	3	235	6.694662531	0.69	0.059574468	0.008510638
file01127.txt	2	246	5.536969834	0.711573604	0.06097561	0.004065041
file01133.txt	3	371	6.537674208	0.70689441	0.040431267	0.010781671
file00205.txt	5	891	7.051775593	0.661496437	0.029180696	0.007856341
file00563.txt	4	483	6.706595796	0.656682028	0.049689441	0.014492754
file00577.txt	3	497	6.232025215	0.582678571	0.056338028	0.00804829
file00211.txt	4	926	7.09681174	0.678814139	0.051835853	0.012958963
file01090.txt	4	565	7.125815749	0.670891473	0.038938053	0.005309735
file01084.txt	4	995	6.804955631	0.653572939	0.034170854	0.010050251
file01053.txt	3	512	6.550386474	0.632440605	0.05859375	0.0234375
file01047.txt	3	618	6.797878322	0.617855888	0.04368932	0.008090615
file00359.txt	4	475	6.935279754	0.633286385	0.029473684	0.010526316
file00371.txt	5	1014	6.860371136	0.664601036	0.047337278	0.024654832
file00417.txt	4	1026	6.894594173	0.615598772	0.021442495	0.009746589
file00403.txt	4	700	6.698194556	0.644423963	0.028571429	0.008571429
file00365.txt	5	1010	6.886040235	0.684765869	0.028712871	0.017821782
file00832.txt	3	659	6.57793994	0.584262295	0.053110774	0.004552352
file00198.txt	4	486	6.926652593	0.694508009	0.032921811	0.010288066
file00826.txt	3	391	6.524332038	0.631578947	0.061381074	0.012787724
file00629.txt	4	649	6.729652404	0.6357	0.044684129	0.001540832
file01251.txt	9	1233	7.13164655	0.729324324	0.04622871	0.01540957
file01245.txt	9	1607	6.971843397	0.729191271	0.027380212	0.021157436
file00615.txt	4	662	6.799037812	0.659314845	0.054380665	0.004531722
file00173.txt	3	825	6.699100336	0.55628866	0.026666667	0.010909091
file00167.txt	4	737	6.93224802	0.629069767	0.031207598	0.012211669
file01279.txt	9	1494	6.967954969	0.73550173	0.047523427	0.012048193
file00601.txt	3	657	6.867695287	0.662138158	0.050228311	0.0152207
file01278.txt	9	1308	7.04384478	0.734169976	0.035932722	0.01911315
file00166.txt	3	532	6.50611365	0.691594203	0.028195489	0.020676692
file00600.txt	5	875	6.729039519	0.680702179	0.051428571	0.012571429
file00614.txt	4	686	7.170975725	0.61855573	0.037900875	0.001457726
file00172.txt	4	860	6.808396605	0.673020962	0.027906977	0.01744186
file01244.txt	8	1296	7.061537354	0.720753809	0.037037037	0.009259259
file00628.txt	5	908	7.036566873	0.687590221	0.016519824	0.007709251
file01250.txt	8	1046	6.879808861	0.721785356	0.078393881	0.021032505
file00199.txt	6	1216	7.155646017	0.67479006	0.025493421	0.013980263
file00827.txt	5	924	6.58563143	0.651131429	0.046536797	0.012987013
file00833.txt	2	363	6.52766545	0.626178344	0.038567493	0.002754821
file00402.txt	4	657	6.995181168	0.696710526	0.03500761	0.01369863
file00364.txt	5	1125	6.931972968	0.70260223	0.053333333	0.016888889
file00370.txt	4	860	6.658694793	0.591565968	0.038372093	0.01627907
file00416.txt	4	818	6.797500742	0.669050715	0.029339853	0.015892421
file00358.txt	4	647	7.132394455	0.623377926	0.035548686	0.020092736
file01046.txt	4	732	6.848957418	0.645036603	0.054644809	0.006830601
file01052.txt	3	535	6.511913688	0.645843621	0.05046729	0.005607477
file01085.txt	6	977	6.964373106	0.621056034	0.027635619	0.013306039
file01091.txt	4	435	6.774046535	0.63611399	0.052873563	0.006896552
file00576.txt	4	729	6.468659936	0.710147059	0.024691358	0.016460905
file00210.txt	4	959	6.914508016	0.716	0.045881126	0.004171011
file00204.txt	6	1053	6.964339054	0.674800797	0.050332384	0.013295347
file00562.txt	4	602	6.848181826	0.572332731	0.029900332	0.006644518
file01132.txt	3	247	6.595754781	0.63020202	0.044534413	0
file01126.txt	3	326	6.107843057	0.675306859	0.04601227	0.009202454
file00238.txt	3	533	6.838705624	0.686859504	0.037523452	0.001876173
file00589.txt	3	500	6.320115997	0.671263858	0.042	0.014
file00012.txt	5	760	6.993544762	0.646638537	0.023684211	0.009210526
file00774.txt	3	533	6.62152986	0.567975207	0.05065666	0.009380863
file00760.txt	8	1698	7.076004183	0.699878714	0.032979976	0.020023557
file00006.txt	6	1032	6.963225103	0.664109868	0.022286822	0.011627907
file00990.txt	6	1406	6.841597797	0.738983051	0.035561878	0.008534851
file00748.txt	3	354	6.775644285	0.645967213	0.033898305	0.014124294
file00984.txt	8	1133	6.84272915	0.727306273	0.053839365	0.017652251
file00953.txt	2	202	6.75650879	0.614117647	0.064356436	0
file00947.txt	2	246	5.788909153	0.743451777	0.06097561	0.008130081
file00943.txt	7	1218	7.234179649	0.675996578	0.027914614	0.009031199
file00957.txt	3	327	6.67474967	0.673165468	0.051987768	0.012232416
file00002.txt	5	634	6.954573603	0.660581197	0.05362776	0.018927445
file00764.txt	4	579	6.70796363	0.612716981	0.041450777	0.005181347
file00770.txt	6	1225	7.224174557	0.675986395	0.035102041	0.010612245
file00016.txt	6	1133	7.027744798	0.682453875	0.024713151	0.011473963
file00758.txt	3	506	7.054326861	0.591509847	0.033596838	0.019762846
file00980.txt	8	1858	7.178234062	0.674339414	0.045209903	0.015608181
file00994.txt	3	519	6.706846363	0.560425532	0.034682081	0.005780347
file00599.txt	3	932	7.081779259	0.611325028	0.021459227	0.005364807
file00566.txt	4	664	7.186810435	0.601300813	0.028614458	0.006024096
file00200.txt	4	831	6.915418558	0.677928389	0.030084236	0.007220217
file00214.txt	4	931	6.869516348	0.689297052	0.042964554	0.015037594
file00572.txt	3	549	6.774260992	0.66416	0.021857923	0
file01122.txt	4	803	6.749535801	0.671405836	0.04109589	0.00871731
file00228.txt	4	721	6.863850113	0.687767857	0.034674064	0.009708738
file01136.txt	2	228	6.415049187	0.731173184	0.052631579	0
file01095.txt	5	1092	6.950219124	0.672368169	0.036630037	0.010989011
file01081.txt	4	659	6.737064008	0.677213115	0.031866464	0.009104704
file00412.txt	4	941	7.077361025	0.630627803	0.058448459	0.006376196
file00374.txt	7	1569	6.875673341	0.723144737	0.054811982	0.016571064
file00360.txt	5	1001	6.828179106	0.672920168	0.036963037	0.020979021
file00406.txt	3	528	6.483130284	0.642463466	0.026515152	0.001893939
file01056.txt	4	576	6.908463611	0.647628083	0.043402778	0.008680556
file00348.txt	5	774	6.927337034	0.67302069	0.047803618	0.012919897
file01042.txt	5	974	7.023901105	0.691459459	0.052361396	0.017453799
file00189.txt	4	633	6.980426884	0.561232877	0.031595577	0.001579779
file00837.txt	6	1337	6.881891594	0.716645963	0.032909499	0.018698579
file00823.txt	4	725	6.91892593	0.679378698	0.033103448	0.005517241
file00176.txt	5	858	7.001148914	0.632781211	0.038461538	0.012820513
file01268.txt	9	1469	7.126243346	0.762661972	0.027229408	0.01701838
file00610.txt	4	1136	6.913318992	0.620551978	0.031690141	0.01056338
file00604.txt	4	481	6.582306233	0.697268519	0.051975052	0.016632017
file00162.txt	5	1127	6.82720923	0.656252319	0.035492458	0.01242236
file01254.txt	8	971	7.116918969	0.70154013	0.058702369	0.014418126
file00638.txt	6	1112	7.072034027	0.66953904	0.022482014	0.017086331
file01240.txt	7	885	6.978769425	0.6915311	0.035028249	0.012429379
file00639.txt	4	937	7.064255163	0.645878378	0.065101387	0.005336179
file01241.txt	7	1076	6.980727709	0.704264849	0.039962825	0.010223048
file01255.txt	9	1095	7.002524814	0.715239006	0.059360731	0.016438356
file00605.txt	3	356	6.352313076	0.649315961	0.078651685	0.008426966
file00163.txt	4	1097	6.901768271	0.653435115	0.039197812	0.006381039
file01269.txt	8	2191	6.892189545	0.714145658	0.043359197	0.012779553
file00177.txt	5	963	6.793679614	0.697155361	0.036344756	0.004153686
file00611.txt	5	1066	6.80524741	0.770678466	0.044090056	0.014071295
file00822.txt	4	671	6.938053668	0.64340836	0.032786885	0.001490313
file00188.txt	4	586	6.854736155	0.688081937	0.029010239	0.006825939
file00836.txt	6	1143	6.913648857	0.721572212	0.031496063	0.01312336
file01043.txt	3	681	6.896589976	0.626455696	0.029368576	0.01174743
file00349.txt	4	562	7.095009248	0.645419103	0.046263345	0.008896797
file01057.txt	4	994	6.782978662	0.600656085	0.059356137	0.00804829
file00361.txt	3	597	6.596901643	0.602481752	0.028475712	0.006700168
file00407.txt	4	612	6.65142064	0.700035524	0.047385621	0.006535948
file00413.txt	4	1054	6.731366865	0.589492537	0.04459203	0.008538899
file00375.txt	4	1182	7.099926845	0.639488085	0.042301184	0.009306261
file01080.txt	5	1046	6.747923596	0.72449348	0.050669216	0.023900574
file01094.txt	4	724	6.905006551	0.593214815	0.040055249	0.006906077
file01137.txt	2	235	6.132599181	0.764086022	0.072340426	0.017021277
file00229.txt	4	693	6.97930376	0.650590062	0.036075036	0.007215007
file01123.txt	2	184	6.573944119	0.612888889	0.032608696	0.005434783
file00215.txt	5	1220	6.922784516	0.650367208	0.039344262	0.010655738
file00573.txt	4	772	6.714188147	0.677925311	0.060880829	0.010362694
file00567.txt	3	392	6.73813955	0.638600583	0.033163265	0
file00201.txt	4	785	6.997762725	0.643559783	0.024203822	0.011464968
file00598.txt	4	900	6.971758882	0.691562867	0.04	0.012222222
file00995.txt	4	491	6.58360018	0.630180995	0.059063136	0.016293279
file00981.txt	7	1153	6.81916242	0.725851449	0.032957502	0.019947962
file00759.txt	4	707	6.902770656	0.667933131	0.016973126	0.005657709
file00771.txt	4	724	7.150970847	0.600207407	0.031767956	0.004143646
file00017.txt	6	1156	6.978987393	0.698373984	0.030276817	0.006055363
file00003.txt	5	615	6.973084355	0.648551237	0.032520325	0.001626016
file00765.txt	4	720	6.995608896	0.684590164	0.0625	0.013888889
file00956.txt	2	139	6.278427526	0.645555556	0.050359712	0
file00942.txt	4	717	6.697891603	0.610808383	0.026499303	0.009762901
file00968.txt	6	1584	7.037689598	0.670319218	0.061237374	0.017045455
file00954.txt	2	263	6.141883838	0.707009346	0.045627376	0
file00940.txt	3	530	6.931847312	0.638170478	0.050943396	0.005660377
file00798.txt	3	485	6.479021878	0.540412844	0.039175258	0.004123711
file00015.txt	9	1310	7.223427197	0.671134021	0.027480916	0.013740458
file00773.txt	4	573	6.923935086	0.583091603	0.038394415	0.005235602
file00767.txt	4	562	7.009755733	0.643508772	0.03202847	0.001779359
file00001.txt	4	797	7.080261772	0.611791444	0.040150565	0.007528231
file00029.txt	4	771	6.969080111	0.646703601	0.031128405	0.002594034
file00997.txt	3	634	6.737253161	0.66	0.036277603	0.025236593
file00983.txt	8	1483	7.037436061	0.734867503	0.048550236	0.01146325
file00571.txt	4	645	6.953088295	0.720100671	0.024806202	0.009302326
file00217.txt	4	878	7.057660602	0.686320869	0.036446469	0.004555809
file01109.txt	4	851	7.029800678	0.675610973	0.051703878	0.012925969
file00203.txt	3	553	6.693872101	0.664960317	0.061482821	0.003616637
file00565.txt	3	477	6.982051654	0.624579439	0.033542977	0.002096436
file01135.txt	3	408	6.432695108	0.661949861	0.083333333	0.007352941
file01121.txt	4	858	6.868310156	0.593770087	0.025641026	0.008158508
file00559.txt	3	1030	6.843557094	0.618328236	0.04368932	0.019417476
file01082.txt	5	1533	7.131608079	0.633072776	0.042400522	0.00913242
file00388.txt	4	772	7.642438615	0.517372061	0.03626943	0.006476684
file01096.txt	3	622	6.685862443	0.656649215	0.08681672	0.020900322
file00405.txt	4	918	7.082750775	0.641127733	0.019607843	0.013071895
file00363.txt	4	747	6.977126136	0.634469914	0.038821954	0.012048193
file01069.txt	4	1098	7.008151376	0.650657769	0.034608379	0.02003643
file00377.txt	5	961	7.017431682	0.628530702	0.038501561	0.01144641
file00411.txt	3	475	5.746369105	0.724929577	0.058947368	0.014736842
file00439.txt	3	592	6.827253088	0.615837937	0.050675676	0.006756757
file01041.txt	4	841	6.695970309	0.655959596	0.039239001	0.002378121
file01055.txt	4	696	6.750455741	0.66992272	0.041666667	0.007183908
file00808.txt	5	1082	6.702978195	0.680871249	0.045286506	0.010166359
file01280.txt	9	1303	7.154552916	0.705502392	0.039140445	0.018419033
file00820.txt	4	822	6.798672485	0.659560155	0.045012165	0.013381995
file00834.txt	4	779	6.761338358	0.64290411	0.044929397	0.006418485
file00161.txt	4	824	6.778061402	0.691329032	0.047330097	0.01092233
file00607.txt	5	1030	7.245825045	0.660754332	0.034951456	0.011650485
file00613.txt	4	695	7.093500448	0.601826625	0.024460432	0.002877698
file00175.txt	4	606	6.713558232	0.638025135	0.04950495	0
file01243.txt	9	2023	6.874453547	0.743485309	0.062778052	0.0128522
file00149.txt	4	807	6.611928684	0.667308707	0.038413879	0.012391574
file01257.txt	9	1516	7.075001488	0.714110429	0.046174142	0.008575198
file01256.txt	9	860	6.920101462	0.730061652	0.069767442	0.012790698
file00148.txt	4	581	6.470847967	0.723796992	0.061962134	0.006884682
file01242.txt	8	1228	6.989172759	0.717133164	0.045602606	0.01465798
file00612.txt	3	563	6.646143156	0.625097276	0.062166963	0.010657194
file00174.txt	4	848	6.901074935	0.660901126	0.051886792	0.003537736
file00160.txt	3	742	6.801882808	0.644271284	0.061994609	0.010781671
file00606.txt	4	575	6.932261802	0.584524715	0.046956522	0.00173913
file00835.txt	3	211	6.750356455	0.755555556	0.071090047	0.004739336
file01281.txt	7	1207	6.920846308	0.725682211	0.031483016	0.004142502
file00821.txt	3	795	6.943386352	0.608337802	0.022641509	0.001257862
file00809.txt	4	869	6.93584406	0.701219512	0.047180667	0.008055236
file01054.txt	4	840	7.050128835	0.601668774	0.014285714	0.014285714
file00438.txt	5	821	7.082027226	0.698860104	0.049939099	0.013398295
file01040.txt	6	1252	7.011887623	0.683591022	0.028753994	0.013578275
file00376.txt	4	845	7.057449498	0.698643216	0.026035503	0.009467456
file01068.txt	4	610	6.62452324	0.713083779	0.03442623	0.02295082
file00410.txt	4	565	6.670714875	0.64496124	0.044247788	0.001769912
file00404.txt	3	574	6.35406006	0.626819048	0.045296167	0.008710801
file00362.txt	3	530	6.546647449	0.70008316	0.039622642	0.011320755
file01097.txt	5	1274	6.996842983	0.694236735	0.049450549	0.013343799
file00389.txt	5	635	6.941513385	0.692969283	0.023622047	0.015748031
file01083.txt	5	795	6.814277797	0.671313673	0.044025157	0.003773585
file01120.txt	6	1053	6.98176352	0.714900398	0.029439696	0.007597341
file00558.txt	3	548	7.145345949	0.620641283	0.034671533	0.009124088
file01134.txt	4	477	6.797086234	0.653925234	0.035639413	0.01048218
file00202.txt	4	503	7.022870869	0.68	0.02584493	0.005964215
file00564.txt	4	899	7.043050203	0.658635294	0.021134594	0.006674082
file00570.txt	5	1136	6.888501437	0.71050598	0.023767606	0.014964789
file01108.txt	4	697	6.302842349	0.611697531	0.045911047	0.005738881
file00216.txt	5	1241	6.857693474	0.713422819	0.037872683	0.004834811
file00982.txt	6	1107	6.81496135	0.700756144	0.033423668	0.026196929
file00028.txt	4	791	6.888957155	0.681886792	0.032869785	0.013906448
file00996.txt	3	758	6.281399475	0.703356841	0.042216359	0.009234828
file00766.txt	6	1386	7.012220984	0.664442782	0.036075036	0.012265512
file00014.txt	5	708	6.721482314	0.69875569	0.043785311	0.012711864
file00772.txt	4	1059	6.838970334	0.688772277	0.030217186	0.017941454
file00799.txt	3	589	6.776624081	0.675148148	0.03565365	0.013582343
file00941.txt	4	677	6.961606462	0.680605096	0.028064993	0.016248154
file00955.txt	2	140	6.409469267	0.667032967	0.05	0
file00969.txt	5	1171	6.944438763	0.697112299	0.046968403	0.012809564
file00932.txt	3	517	6.799735159	0.561025641	0.017408124	0.007736944
file00926.txt	4	607	6.969494224	0.645483871	0.037891269	0.008237232
file00098.txt	5	858	6.732726705	0.699950556	0.023310023	0.006993007
file00729.txt	3	597	6.261566194	0.626970803	0.041876047	0.011725293
file00073.txt	5	904	7.025133078	0.589333333	0.017699115	0.009955752
file00715.txt	3	380	6.671387906	0.691903323	0.039473684	0.007894737
file00701.txt	5	934	6.860610839	0.665875706	0.039614561	0.012847966
file00067.txt	4	976	6.85415988	0.58798274	0.021516393	0.006147541
file01190.txt	7	1268	6.954964538	0.760442986	0.041009464	0.018927445
file01184.txt	3	621	7.140396091	0.556993007	0.028985507	0.001610306
file01153.txt	4	750	7.011346517	0.690470756	0.029333333	0.012
file00259.txt	8	1485	6.889594625	0.700320334	0.072053872	0.016835017
file01147.txt	4	893	6.74182879	0.671611374	0.069428891	0.007838746
file00517.txt	6	1059	7.052743338	0.666455446	0.03210576	0.01605288
file00271.txt	4	921	6.973765218	0.682362385	0.036916395	0.008686211
file00265.txt	5	848	6.887905979	0.676595745	0.04009434	0.010613208
file00503.txt	4	695	6.854246272	0.556934985	0.018705036	0.001438849
file00488.txt	3	459	7.166845166	0.621902439	0.039215686	0
file01027.txt	5	1215	7.050640846	0.695300172	0.034567901	0.014814815
file00339.txt	7	1035	6.880785191	0.741521298	0.039613527	0.008695652
file01033.txt	4	703	6.986578069	0.645657492	0.039829303	0.007112376
file00463.txt	4	671	6.731546753	0.642990354	0.038748137	0.008941878
file00305.txt	6	1143	7.074232039	0.70725777	0.057742782	0.011373578
file00311.txt	3	666	6.357006716	0.652836305	0.042042042	0.015015015
file00477.txt	3	463	6.763469333	0.604830918	0.041036717	0.010799136
file00846.txt	4	847	7.00463654	0.614661654	0.018890201	0.003541913
file00852.txt	5	815	6.858842806	0.759582245	0.036809816	0.008588957
file01225.txt	9	1480	7.022721338	0.735387841	0.058108108	0.011486486
file00885.txt	4	817	6.592897725	0.688255208	0.048959608	0.034271726
file00891.txt	4	722	6.713025662	0.639435364	0.031855956	0.01800554
file00649.txt	6	967	7.188013223	0.653660131	0.036194416	0.014477766
file01231.txt	8	1158	7.072024013	0.697601443	0.03626943	0.014680484
file00107.txt	6	797	6.924504313	0.666176471	0.035131744	0.015056462
file01219.txt	8	1163	6.949447338	0.73486535	0.027515047	0.009458298
file00661.txt	4	877	6.772350507	0.611497585	0.043329532	0.018244014
file00675.txt	4	656	6.946299836	0.661976936	0.036585366	0.013719512
file00113.txt	4	810	6.714460386	0.724178712	0.030864198	0.011111111
file00674.txt	3	830	6.755915996	0.677003841	0.045783133	0.010843373
file00112.txt	4	829	6.333637547	0.713871795	0.020506634	0.00482509
file01218.txt	9	1610	7.04043673	0.741460602	0.050310559	0.01552795
file00106.txt	4	936	7.116774797	0.580180383	0.02457265	0.010683761
file00660.txt	4	868	6.636083651	0.625641026	0.047235023	0.021889401
file00648.txt	4	1066	7.034807763	0.604129794	0.023452158	0.018761726
file00890.txt	4	734	7.062371736	0.745693431	0.025885559	0.013623978
file01230.txt	9	1215	6.846926578	0.726415094	0.055144033	0.006584362
file01224.txt	7	813	6.932401849	0.697539267	0.082410824	0.011070111
file00884.txt	5	791	7.032128319	0.644824798	0.042983565	0.01517067
file00853.txt	5	1136	7.124688393	0.697276909	0.038732394	0.014084507
file00847.txt	4	1131	7.10515718	0.629852126	0.046861185	0.009725906
file00310.txt	4	766	6.522283947	0.708535565	0.049608355	0.009138381
file00476.txt	3	565	6.821898345	0.537131783	0.021238938	0.012389381
file00462.txt	4	794	6.793323041	0.636214765	0.037783375	0.008816121
file00304.txt	4	887	7.158474656	0.666348449	0.029312289	0.009019166
file01032.txt	6	1024	6.967709219	0.668041026	0.0390625	0.006835938
file00338.txt	4	626	6.970046812	0.708284229	0.059105431	0.004792332
file01026.txt	4	485	7.018009382	0.601146789	0.035051546	0.004123711
file00489.txt	4	533	6.921886912	0.589793388	0.022514071	0.009380863
file00264.txt	5	808	6.871904284	0.634940711	0.03960396	0.013613861
file00502.txt	5	1072	6.844725285	0.709384164	0.036380597	0.010261194
file00516.txt	4	693	6.701310879	0.660869565	0.038961039	0.012987013
file00270.txt	6	1682	6.729516386	0.708438457	0.031510107	0.020214031
file01146.txt	3	656	6.819914698	0.634925865	0.036585366	0.010670732
file00258.txt	4	649	6.670849279	0.728266667	0.046224961	0.010785824
file01152.txt	6	907	7.071902712	0.693193473	0.018743109	0.014332966
file01185.txt	3	777	7.01047514	0.602252747	0.046332046	0.006435006
file01191.txt	7	1201	6.985107389	0.710329861	0.023313905	0.014154871
file00700.txt	3	416	6.518621672	0.679564033	0.045673077	0.012019231
file00066.txt	4	695	7.037488399	0.628885449	0.023021583	0.004316547
file00072.txt	5	1037	6.799930436	0.662024291	0.031822565	0.018322083
file00714.txt	3	398	6.34960013	0.612091691	0.035175879	0.005025126
file00728.txt	4	532	6.572245771	0.669109731	0.039473684	0.007518797
file00927.txt	3	377	6.997450797	0.600731707	0.023872679	0.013262599
file00099.txt	4	659	6.999438494	0.66757377	0.068285281	0.003034901
file00933.txt	8	1371	7.183597562	0.723827534	0.025528811	0.010940919
file00925.txt	5	1001	7.06545359	0.626659664	0.016983017	0.012987013
file00931.txt	4	576	6.902728085	0.615939279	0.032986111	0.012152778
file00919.txt	3	652	7.114159261	0.558573798	0.01993865	0
file00058.txt	4	656	6.767001405	0.694794069	0.028963415	0
file00064.txt	4	695	6.766250904	0.653869969	0.033093525	0.004316547
file00702.txt	3	509	6.809019038	0.64826087	0.04518664	0.00589391
file00716.txt	4	697	6.718724558	0.608580247	0.043041607	0.031563845
file00070.txt	4	843	7.226842659	0.63906801	0.036773428	0.003558719
file01187.txt	6	1226	6.942198268	0.731469839	0.052202284	0.008156607
file00299.txt	4	922	7.06697762	0.690309278	0.028199566	0.00867679
file01193.txt	4	796	7.025249281	0.713627845	0.030150754	0.010050251
file01144.txt	5	1025	6.814602915	0.680696721	0.04097561	0.016585366
file01150.txt	4	705	6.839750339	0.658109756	0.019858156	0.011347518
file00528.txt	5	676	6.740305333	0.722296651	0.036982249	0.00147929
file00500.txt	4	767	6.874008966	0.637743733	0.026075619	0.018252934
file00266.txt	4	1004	6.897302262	0.626827225	0.028884462	0.001992032
file01178.txt	5	1177	6.950413317	0.628156028	0.028887001	0.022090059
file00272.txt	6	1050	6.913104275	0.741278721	0.025714286	0.019047619
file00514.txt	5	876	6.795231519	0.627859734	0.03196347	0.026255708
file00448.txt	3	309	6.999922653	0.694384615	0.045307443	0.006472492
file01030.txt	4	1007	7.142683495	0.574947808	0.021847071	0.004965243
file01024.txt	2	485	6.360475818	0.659770642	0.06185567	0.012371134
file00474.txt	5	801	7.062393697	0.665957447	0.042446941	0.009987516
file00312.txt	4	1235	6.996778532	0.628735245	0.039676113	0.017004049
file01018.txt	5	1600	7.151140777	0.593462282	0.030625	0.009375
file00306.txt	2	450	6.596323048	0.593316708	0.057777778	0.015555556
file00460.txt	3	649	6.54697825	0.624566667	0.030816641	0.021571649
file00689.txt	4	838	6.92246554	0.642281369	0.051312649	0.00477327
file00851.txt	6	1595	6.982454819	0.686688228	0.094670846	0.019435737
file00845.txt	5	939	6.818587614	0.684202247	0.041533546	0.010649627
file00879.txt	6	1336	6.760668046	0.678228438	0.030688623	0.011976048
file01232.txt	7	1097	7.00978416	0.711049618	0.048313582	0.012762078
file00892.txt	4	756	6.648918454	0.704922207	0.029100529	0.007936508
file00886.txt	4	989	6.733834134	0.671893617	0.042467139	0.002022245
file00138.txt	4	790	6.777822108	0.603589744	0.030379747	0.006329114
file01226.txt	8	1195	7.098484895	0.704764398	0.046025105	0.008368201
file00110.txt	4	1024	6.845940768	0.677394872	0.0234375	0.014648438
file00676.txt	7	1577	6.85315707	0.686897906	0.040583386	0.017121116
file00662.txt	5	1109	7.006974628	0.653226415	0.04418395	0.007213706
file00104.txt	5	973	7.115738761	0.698549784	0.043165468	0.007194245
file00663.txt	5	692	6.958757797	0.703919129	0.037572254	0.014450867
file00105.txt	4	560	6.944420852	0.660195695	0.032142857	0.008928571
file00111.txt	4	769	6.672944105	0.663361111	0.037711313	0.006501951
file00677.txt	6	1160	6.855888761	0.69479748	0.072413793	0.019827586
file00887.txt	4	613	6.622852368	0.618723404	0.057096248	0.004893964
file01227.txt	8	958	7.092538389	0.74589659	0.053235908	0.01565762
file00139.txt	6	831	6.802546097	0.69084399	0.027677497	0.016847172
file01233.txt	8	1529	6.985029675	0.712959459	0.043165468	0.009810334
file00893.txt	6	1295	6.994308448	0.680658106	0.027027027	0.007722008
file00878.txt	5	1489	6.979249994	0.657986111	0.022162525	0.015446608
file00844.txt	4	995	6.834206812	0.664904863	0.028140704	0.015075377
file00850.txt	4	656	6.642163178	0.675914333	0.045731707	0.009146341
file00688.txt	3	664	6.714441855	0.586471545	0.039156627	0.003012048
file00307.txt	6	856	6.982621118	0.6866171	0.045560748	0.003504673
file01019.txt	4	1151	7.218908042	0.648203267	0.033883579	0.013900956
file00461.txt	6	1095	7.051164768	0.711606119	0.028310502	0.008219178
file00475.txt	5	868	6.757904532	0.691868132	0.048387097	0.006912442
file00313.txt	4	759	6.696577139	0.696309859	0.035573123	0.019762846
file01025.txt	4	548	6.57255535	0.681923848	0.051094891	0.00729927
file00449.txt	3	354	6.825571443	0.706229508	0.039548023	0.002824859
file01031.txt	5	1313	7.003453177	0.692468354	0.028941356	0.011424219
file00273.txt	7	1819	6.945305329	0.735265537	0.033534909	0.017042331
file00515.txt	4	817	6.971907435	0.686484375	0.041615667	0.008567931
file00501.txt	4	678	6.981844698	0.698314785	0.066371681	0.001474926
file01179.txt	4	929	6.954810926	0.698795455	0.052744887	0.00861141
file00267.txt	3	621	6.714015188	0.66465035	0.048309179	0.00805153
file01151.txt	4	758	6.98810686	0.643215797	0.040897098	0.003957784
file00529.txt	4	775	6.999265071	0.652093664	0.04	0.003870968
file01145.txt	3	687	6.898644965	0.597241379	0.03930131	0.016011645
file01192.txt	5	1390	6.790951446	0.671170768	0.030935252	0.017266187
file00298.txt	4	894	6.894749614	0.679360947	0.032438479	0.022371365
file01186.txt	8	2154	6.970904166	0.682394299	0.062674095	0.026462396
file00717.txt	5	794	6.974938231	0.702738255	0.022670025	0.007556675
file00071.txt	6	967	7.115137182	0.711721133	0.037228542	0.005170631
file00065.txt	4	749	6.983790214	0.667257143	0.017356475	0.013351135
file00703.txt	3	366	6.666654845	0.613753943	0.030054645	0
file00059.txt	6	1105	7.02441571	0.701003788	0.024434389	0.007239819
file00918.txt	5	906	7.092339922	0.654912485	0.024282561	0.018763797
file00930.txt	5	953	7.042519003	0.647013274	0.03043022	0.016789087
file00924.txt	3	609	7.072381367	0.612464286	0.024630542	0.018062397
file00908.txt	5	1024	6.757994584	0.713292308	0.033203125	0.004882813
file00920.txt	4	594	6.99804018	0.694055046	0.048821549	0.013468013
file00934.txt	4	1031	7.006966519	0.629022403	0.024248303	0.001939864
file00707.txt	3	551	6.647161581	0.68247012	0.030852995	0.00907441
file00061.txt	5	904	6.949614266	0.647789474	0.057522124	0.015486726
file00075.txt	7	1596	6.899949567	0.764524887	0.043233083	0.006265664
file00713.txt	4	584	6.985965861	0.664037383	0.039383562	0.022260274
file00049.txt	5	1190	7.318006927	0.630762489	0.018487395	0.01512605
file01182.txt	4	821	6.551659977	0.694455959	0.031668697	0.004872107
file01196.txt	4	635	6.796447457	0.629419795	0.042519685	0.006299213
file00288.txt	4	1082	6.914141666	0.615837367	0.04805915	0.00831793
file00263.txt	6	1284	6.991115714	0.695692308	0.038161994	0.012461059
file00505.txt	5	1448	6.925035209	0.694567548	0.035220994	0.009668508
file00511.txt	4	560	6.844989151	0.657181996	0.035714286	0.010714286
file00277.txt	4	637	6.880910361	0.642857143	0.040816327	0.015698587
file01169.txt	4	793	6.491850853	0.691209677	0.032786885	0.015132409
file01141.txt	2	205	6.40724089	0.684871795	0.029268293	0
file00539.txt	4	718	7.050001692	0.586427504	0.036211699	0.013927577
file01155.txt	4	700	6.822826112	0.645867896	0.017142857	0.028571429
file01009.txt	3	473	6.75363429	0.640235849	0.035940803	0.002114165
file00317.txt	6	907	7.114377462	0.683543124	0.038588754	0.008820287
file00471.txt	4	874	6.830446869	0.652412121	0.038901602	0.013729977
file00465.txt	4	492	6.521839658	0.650564334	0.06504065	0.006097561
file00303.txt	6	1420	6.954257765	0.683851204	0.022535211	0.012676056
file01035.txt	4	788	6.945488411	0.648579161	0.044416244	0.010152284
file00459.txt	3	556	6.529315943	0.6765286	0.023381295	0.003597122
file01021.txt	5	1251	6.727927693	0.625074875	0.035171863	0.021582734
file00868.txt	3	435	6.640744672	0.646839378	0.045977011	0.006896552
file00854.txt	4	778	6.759954729	0.659890261	0.038560411	0.005141388
file00698.txt	4	609	7.034739894	0.637321429	0.047619048	0.011494253
file00840.txt	5	1003	7.132303278	0.724297694	0.037886341	0.012961117
file00673.txt	4	657	6.710750157	0.669967105	0.02283105	0.00456621
file00115.txt	3	369	6.809923377	0.60975	0.035230352	0.010840108
file00101.txt	4	575	6.822675571	0.62243346	0.053913043	0.008695652
file00667.txt	6	945	6.890140149	0.728973214	0.024338624	0.010582011
file00897.txt	3	640	7.056574624	0.571505922	0.03125	0.0015625
file00129.txt	2	288	6.885493592	0.598242678	0.038194444	0
file01237.txt	8	989	7.212151986	0.705021277	0.032355915	0.011122346
file01223.txt	9	1109	7.101971931	0.715962264	0.029756537	0.010820559
file00883.txt	4	646	6.659735729	0.679296482	0.040247678	0.00619195
file01222.txt	8	941	7.186999959	0.691165919	0.047821467	0.006376196
file00882.txt	4	882	7.276520679	0.584201681	0.036281179	0.009070295
file00896.txt	3	525	6.851312157	0.621260504	0.028571429	0.011428571
file01236.txt	8	927	6.740854636	0.752892938	0.044228695	0.018338727
file00128.txt	4	653	6.93287541	0.59781457	0.041347626	0.009188361
file00100.txt	4	718	6.732817412	0.694977578	0.036211699	0.012534819
file00666.txt	9	1489	7.280660555	0.713944444	0.031564809	0.017461383
file00672.txt	4	699	6.710439451	0.607476923	0.025751073	0.008583691
file00114.txt	4	631	6.708058691	0.654948454	0.028526149	0.015847861
file00841.txt	6	1749	7.182834495	0.629917647	0.026300743	0.009148085
file00699.txt	3	475	6.554859525	0.584131455	0.037894737	0.018947368
file00855.txt	4	874	6.917749534	0.663636364	0.037757437	0.008009153
file00869.txt	5	972	6.636740053	0.685135428	0.046296296	0.012345679
file00458.txt	4	514	6.678759347	0.634408602	0.025291829	0.009727626
file01020.txt	6	1415	6.847262083	0.659956076	0.026855124	0.009187279
file01034.txt	4	891	6.983873791	0.651662708	0.025813692	0.014590348
file00464.txt	3	711	6.854857787	0.632416918	0.0604782	0.005625879
file00302.txt	3	543	5.643545072	0.616761134	0.020257827	0.018416206
file00316.txt	6	1151	7.053888298	0.690780399	0.024326672	0.014769765
file01008.txt	5	840	6.986250638	0.705461441	0.023809524	0.005952381
file00470.txt	4	580	6.428183874	0.714350282	0.036206897	0.010344828
file01154.txt	4	656	6.95733451	0.634530478	0.053353659	0.00304878
file01140.txt	3	481	6.621048422	0.697731481	0.03950104	0.002079002
file00538.txt	3	671	6.605108058	0.617974277	0.046199702	0.007451565
file00510.txt	5	1298	7.125435966	0.697998399	0.031587057	0.004622496
file01168.txt	3	508	6.557240802	0.665751634	0.047244094	0.015748031
file00276.txt	4	805	6.781913959	0.620820106	0.039751553	0.01863354
file00262.txt	4	866	7.005419943	0.653121175	0.03926097	0.005773672
file00504.txt	3	563	6.793164279	0.594747082	0.035523979	0.010657194
file00289.txt	4	930	7.029598602	0.666401816	0.051612903	0.009677419
file01197.txt	3	661	6.592369457	0.656503268	0.04387292	0.018154312
file01183.txt	4	802	7.039770478	0.577715803	0.038653367	0.009975062
file00048.txt	5	930	6.98682377	0.714801362	0.049462366	0.011827957
file00074.txt	5	920	7.115964386	0.638300804	0.034782609	0.00326087
file00712.txt	4	817	6.922193458	0.615208333	0.046511628	0.012239902
file00706.txt	4	947	6.764635664	0.60077951	0.042238648	0.019007392
file00060.txt	5	806	7.156017877	0.623566711	0.034739454	0.013647643
file00935.txt	6	1624	6.969637766	0.687352381	0.033251232	0.014162562
file00921.txt	3	727	6.955492121	0.567227139	0.038514443	0.015130674
file00909.txt	5	1100	6.906683441	0.697031399	0.045454545	0.000909091
file00937.txt	3	548	6.660320186	0.553226453	0.03649635	0.005474453
file00089.txt	2	361	6.868225021	0.716410256	0.024930748	0.002770083
file00923.txt	4	909	6.965366708	0.646883721	0.02860286	0.02090209
file00710.txt	3	438	6.547982081	0.657943445	0.061643836	0.01369863
file00076.txt	5	1142	7.175314323	0.658151876	0.025394046	0.009632224
file00062.txt	5	1230	7.169717719	0.6319221	0.038211382	0.013821138
file00704.txt	4	789	6.651698841	0.620135135	0.059569075	0.019011407
file00738.txt	4	564	6.757156644	0.638912621	0.039007092	0.017730496
file01195.txt	3	662	6.682336493	0.64548124	0.089123867	0.01510574
file01181.txt	4	724	6.71433701	0.669540741	0.038674033	0.012430939
file00274.txt	6	971	6.858949236	0.750824295	0.026776519	0.011328527
file00512.txt	4	674	7.132982236	0.579456	0.022255193	0.005934718
file00506.txt	4	555	7.060586891	0.624268775	0.01981982	0.001801802
file00260.txt	3	638	6.73416537	0.632937182	0.05015674	0.009404389
file00248.txt	2	336	6.692001829	0.616236934	0.0625	0.008928571
file01156.txt	4	658	6.621270628	0.682495895	0.056231003	0.007598784
file01142.txt	3	564	6.658510236	0.530563107	0.039007092	0.00177305
file00499.txt	5	665	6.800523282	0.708506494	0.040601504	0.001503759
file00300.txt	4	880	6.672903971	0.625752106	0.052272727	0.003409091
file00466.txt	3	555	6.933806306	0.630592885	0.03963964	0.003603604
file00472.txt	4	725	6.707588052	0.666420118	0.052413793	0.009655172
file00314.txt	3	660	6.821241544	0.613060556	0.027272727	0.016666667
file01022.txt	3	470	6.648941393	0.646365796	0.05106383	0.006382979
file01036.txt	4	755	7.062730186	0.656288952	0.029139073	0.00397351
file00328.txt	6	899	7.069578737	0.683011765	0.031145717	0.004449388
file00843.txt	7	1397	6.84889619	0.710474777	0.035075161	0.027916965
file00857.txt	6	966	7.056573459	0.717535442	0.034161491	0.007246377
file00664.txt	4	611	6.907510019	0.720142349	0.050736498	0.008183306
file00102.txt	4	756	6.838800083	0.654964639	0.038359788	0.005291005
file00116.txt	5	978	6.961214828	0.701550054	0.037832311	0.006134969
file01208.txt	7	1061	7.028943644	0.667727273	0.042412818	0.006597549
file00670.txt	7	1021	6.984353195	0.706213992	0.021547502	0.014691479
file00880.txt	4	791	6.858744632	0.600296496	0.054361568	0.00505689
file00658.txt	7	1502	7.191455105	0.686441844	0.033954727	0.013315579
file01220.txt	9	2117	7.081212827	0.716450677	0.045819556	0.008974965
file01234.txt	8	1355	7.25119542	0.702388974	0.071586716	0.005166052
file00894.txt	7	1568	7.119674887	0.704832126	0.026785714	0.013392857
file01235.txt	8	1186	7.034278269	0.747774846	0.039629005	0.009274874
file00895.txt	7	1227	7.316289243	0.639728353	0.043194784	0.017114914
file00659.txt	3	585	6.764939429	0.630335821	0.025641026	0
file00881.txt	4	839	6.972588859	0.651594937	0.039332539	0.013110846
file01221.txt	9	1290	6.955736952	0.722868654	0.048837209	0.00620155
file01209.txt	7	955	6.99619757	0.728300221	0.042931937	0.009424084
file00117.txt	3	455	6.61044389	0.663940887	0.043956044	0.015384615
file00671.txt	6	1338	7.151470772	0.685197828	0.050074738	0.010463378
file00665.txt	4	626	6.281036928	0.716395147	0.039936102	0.009584665
file00103.txt	4	763	6.713476841	0.676834734	0.035386632	0.009174312
file00856.txt	3	681	6.667103344	0.569208861	0.029368576	0.014684288
file00842.txt	4	956	6.8095618	0.686990077	0.034518828	0.009414226
file00329.txt	6	1301	6.900733057	0.662795527	0.039200615	0.013835511
file01037.txt	4	1063	7.035522626	0.647928994	0.040451552	0.024459078
file01023.txt	3	572	6.550559284	0.697170172	0.034965035	0.006993007
file00473.txt	3	739	6.54360236	0.67542029	0.035182679	0.01623816
file00315.txt	4	743	6.729372715	0.634927954	0.01615074	0
file00301.txt	7	1109	7.110700325	0.710943396	0.047790803	0.013525699
file00467.txt	3	450	6.590510009	0.690872818	0.028888889	0.011111111
file00498.txt	4	715	6.871144396	0.676906907	0.046153846	0.011188811
file01143.txt	4	982	6.704180921	0.602743837	0.049898167	0.00610998
file01157.txt	5	943	7.07486985	0.657158837	0.028632025	0.010604454
file00249.txt	7	937	6.882935006	0.70240991	0.03094984	0.032017076
file00507.txt	4	579	6.742909827	0.702716981	0.03626943	0.008635579
file00261.txt	4	1006	6.932174394	0.657554859	0.047713718	0.003976143
file00275.txt	6	1160	6.844222281	0.717029703	0.048275862	0.00862069
file00513.txt	4	576	7.122457604	0.60398482	0.050347222	0.006944444
file01180.txt	4	893	6.770708337	0.551492891	0.023516237	0.012318029
file01194.txt	4	812	6.549047863	0.679187418	0.050492611	0.007389163
file00739.txt	7	1160	7.114593916	0.740450045	0.020689655	0.023275862
file00063.txt	4	789	6.862693062	0.617108108	0.027883397	0.005069708
file00705.txt	6	776	6.944677067	0.708308116	0.057989691	0.00257732
file00711.txt	3	691	6.697370627	0.632149533	0.039073806	0.01447178
file00077.txt	5	952	6.950248424	0.746888151	0.025210084	0.006302521
file00922.txt	3	556	6.799677656	0.664773176	0.057553957	0.007194245
file00936.txt	5	1200	7.165888191	0.660104257	0.0425	0.0025
file00088.txt	4	751	6.690627227	0.700712251	0.046604527	0.017310253